-0.0153303 5.07433e-19 0.0242683 -0.0147651 -5.38322e-19 -0.0277739 0.0549544 0.449284 -0.165404 0.0186006 -0.128636 0.0460491 0 3.55271e-15 -0.286587 0 0 -0.0315343 -0.0788848 -0.0706131 -0.0593526 0 3.47941 0 3.52127 0 0 0 0 0 0 0 0 0 0 0 0 0 0 
-0.0122658 4.15606e-19 0.0214595 -0.0135298 -5.522e-19 -0.0284907 0.0846757 0.419037 -0.165646 -0.0149236 -0.129151 0.05872 0 2.66454e-15 -0.3174 0 0 -0.0327149 -0.0924988 -0.0959392 -0.060894 0 3.47825 0 3.4851 0 0 0 0 0 0 0 0 0 0 0 0 0 0 
-0.00893956 3.28258e-19 0.0159493 -0.0100482 -4.60942e-19 -0.0269063 0.0517894 0.425028 -0.165679 -0.0162183 -0.129146 0.0800532 0 2.66454e-15 -0.337172 0 0 -0.0412889 -0.102017 -0.106175 -0.0695817 0 3.44296 0 3.42087 0 0 0 0 0 0 0 0 0 0 0 0 0 0 
-0.00578114 2.85013e-19 0.0170076 -0.00753232 -4.25538e-19 -0.0257924 0.00538829 0.456667 -0.162633 0.0445906 -0.14451 0.0563537 0 2.66454e-15 -0.33686 0 0 -0.0808722 -0.0924272 -0.132796 -0.0664728 0 3.42892 0 3.41902 0 0 0 0 0 0 0 0 0 0 0 0 0 0 
-0.00414588 3.00438e-19 0.0202581 -0.00779189 -5.18473e-19 -0.0258807 0.0123805 0.433564 -0.16837 0.0789584 -0.1556 0.0408122 0 3.55271e-15 -0.346909 0 0 -0.12866 -0.0796775 -0.182178 -0.0529259 0 3.43903 0 3.42986 0 0 0 0 0 0 0 0 0 0 0 0 0 0 
-0.00395413 2.824e-19 0.0196832 -0.00892306 -5.57401e-19 -0.0220683 -0.00310051 0.448265 -0.171632 0.083284 -0.157475 0.029188 0 3.55271e-15 -0.344979 0 0 -0.122694 -0.0824141 -0.179412 -0.0540631 0 3.41711 0 3.42333 0 0 0 0 0 0 0 0 0 0 0 0 0 0 
-0.00507296 2.54597e-19 0.017827 -0.00969508 -5.3736e-19 -0.0237307 0.0277903 0.459234 -0.170329 0.0458895 -0.148553 0.045878 0 2.66454e-15 -0.330545 0 0 -0.0809156 -0.0954574 -0.15341 -0.0592177 0 3.4302 0 3.42007 0 0 0 0 0 0 0 0 0 0 0 0 0 0 
-0.00632809 2.45929e-19 0.0168344 -0.00998735 -5.12258e-19 -0.0275928 0.0512899 0.456874 -0.17464 0.00965471 -0.138101 0.0680979 0 2.66454e-15 -0.330563 0 0 -0.0495714 -0.103314 -0.138059 -0.0590773 0 3.45786 0 3.42088 0 0 0 0 0 0 0 0 0 0 0 0 0 0 
-0.00597549 2.35362e-19 0.0164634 -0.00968065 -4.97361e-19 -0.0271975 0.0782235 0.4595 -0.173605 0.0427372 -0.138116 0.0662676 0 2.66454e-15 -0.325608 0 0 -0.0503243 -0.102293 -0.134307 -0.0603093 0 3.45429 0 3.41793 0 0 0 0 0 0 0 0 0 0 0 0 0 0 
-0.00469831 2.15259e-19 0.0160153 -0.00899826 -4.83208e-19 -0.0273825 0.0593082 0.450651 -0.17406 0.0682638 -0.144366 0.0658432 0 2.66454e-15 -0.32649 0 0 -0.0618314 -0.102851 -0.132858 -0.0673455 0 3.44848 0 3.40892 0 0 0 0 0 0 0 0 0 0 0 0 0 0 
-0.0035537 1.84476e-19 0.0156896 -0.0087586 -4.65242e-19 -0.0277292 0.0240754 0.427336 -0.181321 0.0857091 -0.142032 0.0543376 0 3.55271e-15 -0.343039 0 0 -0.0713306 -0.102368 -0.125401 -0.0753403 0 3.43858 0 3.39385 0 0 0 0 0 0 0 0 0 0 0 0 0 0 
-0.00210638 1.25709e-19 0.0140634 -0.00768437 -4.26795e-19 -0.0264264 0.0341452 0.453536 -0.177866 0.0866783 -0.137202 0.0724138 0 2.66454e-15 -0.339925 0 0 -0.0699855 -0.101378 -0.128072 -0.0723417 0 3.42631 0 3.37391 0 0 0 0 0 0 0 0 0 0 0 0 0 0 
-0.000785595 8.18586e-20 0.0128451 -0.00683803 -4.14721e-19 -0.0257729 0.021919 0.461423 -0.173291 0.0846584 -0.136353 0.0797157 0 2.66454e-15 -0.338423 0 0 -0.0719879 -0.101779 -0.139529 -0.0680158 0 3.42138 0 3.35804 0 0 0 0 0 0 0 0 0 0 0 0 0 0 
-0.000160811 7.73009e-20 0.0127098 -0.00712888 -4.42304e-19 -0.0209997 0.0385734 0.473835 -0.176215 0.0755822 -0.133524 0.084804 0 3.55271e-15 -0.339362 0 0 -0.0788694 -0.102685 -0.14329 -0.0704826 0 3.38934 0 3.35524 0 0 0 0 0 0 0 0 0 0 0 0 0 0 
0.000601969 7.60565e-20 0.0128088 -0.00628122 -4.26801e-19 -0.0202166 0.0581797 0.483146 -0.179113 0.0699305 -0.135956 0.0827797 0 3.55271e-15 -0.33802 0 0 -0.0918579 -0.0996728 -0.148311 -0.0714538 0 3.38026 0 3.35337 0 0 0 0 0 0 0 0 0 0 0 0 0 0 
0.0020861 5.99529e-20 0.0129195 -0.00491547 -4.00838e-19 -0.0225326 0.0502736 0.48333 -0.177816 0.0742255 -0.142455 0.0773703 0 2.66454e-15 -0.338209 0 0 -0.115017 -0.092292 -0.160806 -0.0694049 0 3.39159 0 3.34468 0 0 0 0 0 0 0 0 0 0 0 0 0 0 
0.00363812 4.11823e-20 0.0131025 -0.00408573 -4.02707e-19 -0.0254997 0.035065 0.470921 -0.180758 0.0814943 -0.14404 0.0784638 0 2.66454e-15 -0.341135 0 0 -0.138806 -0.0864092 -0.178683 -0.0664785 0 3.40914 0 3.33319 0 0 0 0 0 0 0 0 0 0 0 0 0 0 
0.00422537 2.2263e-20 0.0127189 -0.00361257 -3.88381e-19 -0.0245323 0.046429 0.472491 -0.185783 0.0791118 -0.140978 0.0874776 0 2.66454e-15 -0.341114 0 0 -0.141137 -0.0866494 -0.181056 -0.0666975 0 3.3974 0 3.32509 0 0 0 0 0 0 0 0 0 0 0 0 0 0 
0.00455722 -2.78781e-21 0.0121529 -0.00357416 -3.76886e-19 -0.0183146 0.0343177 0.465521 -0.186619 0.0739951 -0.141066 0.0945497 0 3.55271e-15 -0.346838 0 0 -0.135856 -0.0903982 -0.177159 -0.0697546 0 3.34497 0 3.31485 0 0 0 0 0 0 0 0 0 0 0 0 0 0 
0.00535063 -3.91731e-20 0.0112375 -0.00255663 -3.5149e-19 -0.0159785 0.0294738 0.456527 -0.183594 0.0661654 -0.134643 0.105594 0 2.66454e-15 -0.350976 0 0 -0.132628 -0.094031 -0.1885 -0.0661033 0 3.32038 0 3.30003 0 0 0 0 0 0 0 0 0 0 0 0 0 0 
0.0066991 -7.25683e-20 0.0105915 -0.000875054 -3.19179e-19 -0.0175335 0.030416 0.441044 -0.186421 0.0470583 -0.129903 0.106255 0 3.55271e-15 -0.353578 0 0 -0.141781 -0.0938846 -0.208142 -0.0607121 0 3.32285 0 3.28457 0 0 0 0 0 0 0 0 0 0 0 0 0 0 
0.00793063 -7.33767e-20 0.00931029 -8.29879e-05 -3.26716e-19 -0.0146231 0.0317876 0.430152 -0.190774 0.0308259 -0.141066 0.0906963 0 2.66454e-15 -0.360942 0 0 -0.16601 -0.0908439 -0.22569 -0.0610121 0 3.29359 0 3.25677 0 0 0 0 0 0 0 0 0 0 0 0 0 0 
0.00995881 -8.98956e-20 0.0114841 0.00124056 -3.46292e-19 -0.0115392 0.0294924 0.441336 -0.186896 0.0280911 -0.153288 0.100728 0 -0.00332077 -0.360946 0 0 -0.198731 -0.0832478 -0.251044 -0.0570995 0 3.26824 0 3.26341 0 0 0 0 0 0 0 0 0 0 0 0 0 0 
0.0111764 -1.28704e-19 0.0104888 0.00256183 -2.89974e-19 -0.0177596 0.0101791 0.447442 -0.182984 0.046752 -0.155666 0.0975302 0 2.66454e-15 -0.359745 0 0 -0.203452 -0.0798129 -0.259246 -0.0519241 0 3.30919 0 3.2511 0 0 0 0 0 0 0 0 0 0 0 0 0 0 
0.0116971 -1.53797e-19 0.00991898 0.00357902 -2.28329e-19 -0.0210575 0.0093736 0.437379 -0.188569 0.0708514 -0.150928 0.0877622 0 3.55271e-15 -0.357814 0 0 -0.203251 -0.0776357 -0.246736 -0.0559011 0 3.32333 0 3.24346 0 0 0 0 0 0 0 0 0 0 0 0 0 0 
0.00995616 -9.44955e-20 0.003895 0.0037247 -2.1899e-19 -0.0193154 0.0383459 0.436106 -0.201988 0.0638795 -0.13954 0.0887525 0 2.66454e-15 -0.360148 0 0 -0.195464 -0.0851718 -0.24361 -0.0611068 0 3.30177 0 3.18327 0 0 0 0 0 0 0 0 0 0 0 0 0 0 
0.00897136 -6.56487e-20 0.00384946 0.00432858 -2.104e-19 -0.0189949 0.0913723 0.431254 -0.206033 0.0168599 -0.135051 0.0820658 0 2.66454e-15 -0.356393 0 0 -0.186815 -0.0915272 -0.253794 -0.0580461 0 3.29425 0 3.1863 0 0 0 0 0 0 0 0 0 0 0 0 0 0 
0.00945216 -1.07709e-19 0.0104752 0.00444917 -1.86762e-19 -0.019899 0.0739746 0.411706 -0.20501 0.00950862 -0.132882 0.0571551 0 2.66454e-15 -0.354148 0 0 -0.176425 -0.0920371 -0.246407 -0.0570544 0 3.30049 0 3.25957 0 0 0 0 0 0 0 0 0 0 0 0 0 0 
0.00851563 -1.10568e-19 0.00985368 0.00299322 -1.95707e-19 -0.0176664 0.0279791 0.437061 -0.198531 0.0452257 -0.136429 0.0803496 0 3.55271e-15 -0.355614 0 0 -0.155873 -0.0947275 -0.219378 -0.0629834 0 3.29338 0 3.26568 0 0 0 0 0 0 0 0 0 0 0 0 0 0 
0.00658482 -6.37042e-20 0.0110087 0.00105492 -2.37438e-19 -0.0167409 -0.021469 0.420214 -0.200797 0.0840881 -0.137655 0.0813428 0 2.66454e-15 -0.36236 0 0 -0.144115 -0.0962431 -0.203644 -0.0664866 0 3.29512 0 3.28561 0 0 0 0 0 0 0 0 0 0 0 0 0 0 
0.00703461 -6.13539e-20 0.0115199 0.00152341 -2.47993e-19 -0.0193065 -0.0379089 0.419818 -0.20008 0.0890115 -0.141878 0.0752139 0 2.66454e-15 -0.365431 0 0 -0.156993 -0.0924316 -0.223074 -0.0593996 0 3.31375 0 3.28299 0 0 0 0 0 0 0 0 0 0 0 0 0 0 
0.00921395 -9.21667e-20 0.0112764 0.00246801 -2.70621e-19 -0.0217982 -0.033654 0.448384 -0.197328 0.0660592 -0.150036 0.0874058 0 2.66454e-15 -0.350873 0 0 -0.185522 -0.083805 -0.254788 -0.04918 0 3.33661 0 3.26706 0 0 0 0 0 0 0 0 0 0 0 0 0 0 
0.0101894 -8.97759e-20 0.0118252 0.00243087 -3.08458e-19 -0.0225968 -0.0299915 0.444483 -0.201575 0.0601813 -0.147152 0.0846391 0 2.66454e-15 -0.34784 0 0 -0.206923 -0.0786453 -0.272668 -0.0457816 0 3.34606 0 3.26357 0 0 0 0 0 0 0 0 0 0 0 0 0 0 
0.0104725 -8.74676e-20 0.0118838 0.00287917 -2.98075e-19 -0.0224434 0.00108703 0.430482 -0.196352 0.0572176 -0.149721 0.090605 0 2.66454e-15 -0.353814 0 0 -0.212064 -0.0782213 -0.273323 -0.0475998 0 3.34207 0 3.2637 0 0 0 0 0 0 0 0 0 0 0 0 0 0 
0.0111297 -1.09006e-19 0.0111888 0.00113055 -3.4206e-19 -0.0121505 0.0260677 0.443828 -0.188982 0.0733754 -0.159282 0.100085 0 2.66454e-15 -0.36172 0 0 -0.210632 -0.0826551 -0.249837 -0.0630606 0 3.26697 0 3.25419 0 0 0 0 0 0 0 0 0 0 0 0 0 0 
0.0110332 -1.13181e-19 0.0110654 0.000340309 -3.5728e-19 -0.00692543 0.0216086 0.436003 -0.192829 0.0688697 -0.159204 0.104364 0 3.55271e-15 -0.365872 0 0 -0.206066 -0.0863353 -0.23928 -0.0697371 0 3.22485 0 3.25023 0 0 0 0 0 0 0 0 0 0 0 0 0 0 
0.0101266 -1.12603e-19 0.0107445 0.00220766 -2.77555e-19 -0.0102528 0.0283122 0.409584 -0.192675 0.035925 -0.155836 0.0957216 0 3.55271e-15 -0.368192 0 0 -0.187723 -0.0924135 -0.242887 -0.0648399 0 3.23669 0 3.253 0 0 0 0 0 0 0 0 0 0 0 0 0 0 
0.00928609 -1.32289e-19 0.00703612 0.00411262 -1.86406e-19 -0.0171984 0.00194445 0.4028 -0.189777 0.0291651 -0.154661 0.089328 0 2.66454e-15 -0.366502 0 0 -0.157802 -0.101503 -0.240556 -0.060134 0 3.277 0 3.22497 0 0 0 0 0 0 0 0 0 0 0 0 0 0 
0.00995489 -1.79344e-19 0.00818312 0.00492211 -1.2847e-19 -0.0190786 -0.0244496 0.416226 -0.187931 0.0448737 -0.154719 0.0950641 0 2.66454e-15 -0.361457 0 0 -0.150228 -0.0995597 -0.229112 -0.0601263 0 3.28511 0 3.23722 0 0 0 0 0 0 0 0 0 0 0 0 0 0 
0.0104802 -1.83478e-19 0.0087015 0.00578529 -1.01801e-19 -0.0173645 -0.0229544 0.421359 -0.187276 0.041446 -0.157519 0.0984375 0 2.66454e-15 -0.360704 0 0 -0.164894 -0.0918118 -0.237113 -0.0557105 0 3.26762 0 3.23336 0 0 0 0 0 0 0 0 0 0 0 0 0 0 
0.0114196 -1.80417e-19 0.00919233 0.00487574 -1.79956e-19 -0.019764 -0.0294487 0.409044 -0.190902 0.0588581 -0.156657 0.100902 0 2.66454e-15 -0.36168 0 0 -0.185387 -0.0865904 -0.258767 -0.0499086 0 3.2988 0 3.2315 0 0 0 0 0 0 0 0 0 0 0 0 0 0 
0.0118264 -1.82503e-19 0.00904099 0.00467581 -2.12809e-19 -0.0184841 -0.00128783 0.421465 -0.197878 0.091943 -0.154282 0.0920953 0 -0.00478783 -0.355367 0 0 -0.189487 -0.0870753 -0.251635 -0.0560096 0 3.29393 0 3.23062 0 0 0 0 0 0 0 0 0 0 0 0 0 0 
0.0116694 -1.77912e-19 0.00930516 0.00631606 -1.65e-19 -0.0133429 0.0190274 0.424892 -0.198957 0.0950341 -0.155406 0.0873128 0 -0.00891661 -0.35395 0 0 -0.190193 -0.0870445 -0.249775 -0.0572619 0 3.24501 0 3.23098 0 0 0 0 0 0 0 0 0 0 0 0 0 0 
0.0116797 -1.89246e-19 0.00884987 0.00674978 -1.78696e-19 -0.0193176 -0.0224004 0.412069 -0.194917 0.105872 -0.160112 0.0856052 0 -0.0127686 -0.343546 0 0 -0.181072 -0.0867777 -0.255896 -0.0493742 0 3.29479 0 3.22839 0 0 0 0 0 0 0 0 0 0 0 0 0 0 
0.0107983 -1.81831e-19 0.00869185 0.003851 -1.85985e-19 -0.0181717 -0.0667075 0.3863 -0.191125 0.105877 -0.162284 0.083128 0 2.66454e-15 -0.354426 0 0 -0.169588 -0.0920442 -0.236673 -0.0585096 0 3.28756 0 3.23324 0 0 0 0 0 0 0 0 0 0 0 0 0 0 
0.0100609 -1.48605e-19 0.00838005 0.00591741 -1.05135e-19 0.000129109 -0.0627294 0.41451 -0.195935 0.104437 -0.161292 0.0814561 0 2.66454e-15 -0.365656 0 0 -0.169508 -0.095402 -0.234687 -0.0628208 0 3.13284 0 3.22984 0 0 0 0 0 0 0 0 0 0 0 0 0 0 
0.010414 -1.71564e-19 0.00397939 0.00508779 -2.5896e-19 -0.0138532 0.0217849 0.415436 -0.202616 0.0687582 -0.148913 0.0813527 0 -0.0128894 -0.34321 0 0 -0.159353 -0.101622 -0.267976 -0.047319 0 3.26993 0 3.18844 0 0 0 0 0 0 0 0 0 0 0 0 0 0 
0.0106602 -1.93583e-19 0.00735447 0.00841895 9.981e-21 -0.00569301 0.00695231 0.417854 -0.21966 0.0843925 -0.130919 0.0789013 0 2.66454e-15 -0.349611 0 0 -0.154203 -0.0997467 -0.223401 -0.0651563 0 3.16085 0 3.22741 0 0 0 0 0 0 0 0 0 0 0 0 0 0 
0.00839918 1.36837e-20 0.000320803 0.0970345 1.71025e-18 0.145532 -0.0910721 0.40184 -0.180593 0.0955966 -0.210681 0.101666 0 -0.310958 -0.114965 0 0 -0.106546 -0.0882925 -0.18048 -0.0513354 0 1.55072 0 2.99857 0 0 0 0 0 0 0 0 0 0 0 0 0 0 
0.020683 -8.83787e-20 -0.0203488 0.269277 4.16451e-18 0.391559 -0.494904 -0.133968 0.170543 0.0511751 -0.208571 0.100475 0 -1.02756 0.722078 0 0 0.00442055 0.0980891 -0.226789 0.222686 0 -1.29949 0 2.10762 0 0 0 0 0 0 0 0 0 0 0 0 0 0 
0.0485125 -5.14641e-19 -0.0344507 0.402401 5.77114e-18 0.453984 -0.918353 -0.88461 0.583361 -0.0799362 -0.183569 0.146775 0 -1.4447 1.69061 0 0 0.146224 0.271301 -0.313305 0.4797 0 -2.43614 0 1.46146 0 0 0 0 0 0 0 0 0 0 0 0 0 0 
0.054175 -9.01285e-19 -0.0349604 0.446505 6.5307e-18 0.448315 -1.17925 -1.44426 0.867906 -0.111408 -0.198361 0.155492 0 -1.52352 2.09882 0 0 0.19564 0.25615 -0.423998 0.507564 0 -2.66923 0 1.24933 0 0 0 0 0 0 0 0 0 0 0 0 0 0 
0.0517095 -1.10393e-18 -0.0333737 0.452751 6.65357e-18 0.44227 -1.33536 -1.65597 1.07105 -0.00220726 -0.221597 0.0796049 0 -1.45958 2.35998 0 0 0.247 0.188348 -0.534666 0.480215 0 -2.70425 0 1.16926 0 0 0 0 0 0 0 0 0 0 0 0 0 0 
0.0516069 -1.2237e-18 -0.0330406 0.441956 6.62559e-18 0.437407 -1.45874 -1.84269 1.17303 0.0446421 -0.235803 0.0230451 0 -1.34646 2.41657 0 0 0.267981 0.142794 -0.595694 0.458926 0 -2.6927 0 1.12161 0 0 0 0 0 0 0 0 0 0 0 0 0 0 
0.0583216 -1.32039e-18 -0.0359545 0.436598 6.66981e-18 0.436483 -1.52121 -1.88264 1.20829 0.023833 -0.24485 -0.00323988 0 -1.25915 2.48629 0 0 0.268405 0.119206 -0.619359 0.446164 0 -2.70688 0 1.06198 0 0 0 0 0 0 0 0 0 0 0 0 0 0 
0.0676539 -1.36573e-18 -0.0371687 0.439973 6.69353e-18 0.437005 -1.57182 -1.84383 1.18338 -0.0184662 -0.246544 -0.0244346 0 -1.22926 2.52788 0 0 0.254731 0.128993 -0.620882 0.45246 0 -2.71414 0 1.04605 0 0 0 0 0 0 0 0 0 0 0 0 0 0 
0.0741338 -1.38311e-18 -0.0394956 0.448595 6.91237e-18 0.440827 -1.65514 -1.95005 1.17217 -0.00774608 -0.225753 -0.0521897 0 -1.2327 2.49679 0 0 0.229835 0.147948 -0.607044 0.458062 0 -2.79043 0 1.01381 0 0 0 0 0 0 0 0 0 0 0 0 0 0 
0.078896 -1.26898e-18 -0.040033 0.438249 7.16923e-18 0.453894 -1.61787 -1.89894 1.11552 0.0605825 -0.219728 -0.0698707 0 -1.10795 2.21324 0 0 0.198193 0.153874 -0.598356 0.461021 0 -2.90418 0 1.06101 0 0 0 0 0 0 0 0 0 0 0 0 0 0 
0.0776983 -7.27458e-19 -0.00734512 0.351232 5.82331e-18 0.377231 -1.22709 -0.918578 0.715516 0.134979 -0.322001 -0.0319975 0 -0.712295 1.23997 0 0 0.174153 0.143626 -0.602398 0.471391 0 -1.74757 0 1.88453 0 0 0 0 0 0 0 0 0 0 0 0 0 0 
0.0429521 -3.34659e-19 0.00898003 0.177891 2.44205e-18 0.149525 -0.696294 0.021165 0.210029 0.0659018 -0.351299 0.0398432 0 -0.36181 0.299974 0 0 0.0945009 0.00208913 -0.518688 0.276245 0 1.1784 0 2.80403 0 0 0 0 0 0 0 0 0 0 0 0 0 0 
0.0120298 -4.20875e-19 0.00412384 0.0348501 6.83272e-20 0.010723 -0.333152 0.304185 -0.0299432 0.0628108 -0.264562 0.0356102 0 -0.14643 -0.11025 0 0 0.0230582 -0.142718 -0.223316 -0.0285627 0 2.93904 0 3.09102 0 0 0 0 0 0 0 0 0 0 0 0 0 0 
0.0126072 -5.65327e-19 -0.00112973 -0.0123766 -3.38151e-19 -0.0137864 -0.26818 0.401932 -0.0679095 0.115282 -0.244532 0.00169285 0 -0.0531286 -0.233043 0 0 0.0249425 -0.126999 0.0250747 -0.0992623 0 3.24111 0 3.08589 0 0 0 0 0 0 0 0 0 0 0 0 0 0 
0.0160571 -6.9608e-19 -0.00543218 -0.0351706 -5.93774e-19 -0.0303732 -0.239565 0.384749 -0.0944737 0.111706 -0.21973 -0.0508734 0 0.01709 -0.331871 0 0 0.00569849 -0.117164 0.0854109 -0.117164 0 3.43105 0 3.0516 0 0 0 0 0 0 0 0 0 0 0 0 0 0 
0.0446843 -1.23531e-18 -0.0445073 -0.0414607 -6.57345e-19 -0.0358272 -0.222113 0.454939 -0.157841 0.0824103 -0.204895 -0.0244177 0 0.137772 -0.219971 0 0 0.0172991 -0.120311 0.112389 -0.120311 0 3.46328 0 2.55862 0 0 0 0 0 0 0 0 0 0 0 0 0 0 
0.140222 -2.72414e-18 -0.259267 -0.0344426 -4.62059e-19 -0.00537326 -0.0802033 0.387273 -0.223798 0.0491949 -0.0579635 0.116255 0 0.534672 0.230293 0 0 -0.0112409 -0.115703 0.104962 -0.124183 0 2.83105 0 -0.302206 0 0 0 0 0 0 0 0 0 0 0 0 0 0 
0.212752 -3.9911e-18 -0.413017 -0.0131989 2.00509e-21 0.0265484 0.276377 0.0106173 -0.224927 0.115712 0.153259 0.13196 0 0.792703 0.686306 0 0 -0.140531 -0.0138877 0.0565396 -0.083603 0 2.10116 0 -2.59251 0 0 0 0 0 0 0 0 0 0 0 0 0 0 
0.265872 -4.92625e-18 -0.452421 -0.00166405 1.59129e-19 0.0455883 0.581022 -0.494865 -0.239267 0.14844 0.340424 0.182593 0 0.899755 1.0368 0 0 -0.232462 0.0492301 0.0672855 -0.0608281 0 1.70526 0 -3.38935 0 0 0 0 0 0 0 0 0 0 0 0 0 0 
0.310027 -5.56923e-18 -0.441829 0.0180537 4.50173e-19 0.0514838 0.960141 -0.946512 -0.276211 0.152262 0.528678 0.185832 0 0.882971 1.34087 0 0 -0.330086 0.0852873 0.105731 -0.054341 0 1.46881 0 -3.505 0 0 0 0 0 0 0 0 0 0 0 0 0 0 
0.330815 -5.62558e-18 -0.41781 0.0409993 8.79467e-19 0.042141 1.40825 -1.40142 -0.299593 0.133315 0.731105 0.139271 0 0.85049 1.59509 0 0 -0.463435 0.162191 0.13466 -0.040785 0 1.34363 0 -3.43124 0 0 0 0 0 0 0 0 0 0 0 0 0 0 
0.339471 -5.14145e-18 -0.38867 0.0584877 1.11494e-18 0.035339 1.70859 -1.51941 -0.315203 0.180925 0.894454 0.11873 0 0.828471 1.94829 0 0 -0.559374 0.233143 0.191757 -0.0258708 0 1.28494 0 -3.19652 0 0 0 0 0 0 0 0 0 0 0 0 0 0 
0.334521 -4.40127e-18 -0.358606 0.0688983 1.26594e-18 0.0399043 1.89069 -1.55912 -0.333991 0.227726 1.00567 0.0887775 0 0.793735 2.24773 0 0 -0.59453 0.278615 0.26764 -0.0125932 0 1.18052 0 -2.88309 0 0 0 0 0 0 0 0 0 0 0 0 0 0 
0.333479 -4.08431e-18 -0.345293 0.0738797 1.4762e-18 0.0360636 1.93947 -1.56359 -0.34144 0.265181 1.07656 0.0841323 0 0.816791 2.3486 0 0 -0.630548 0.306388 0.287016 -0.00621127 0 1.15245 0 -2.75062 0 0 0 0 0 0 0 0 0 0 0 0 0 0 
0.343635 -4.05209e-18 -0.338125 0.0757691 1.61038e-18 0.0405961 1.94189 -1.5347 -0.348619 0.279284 1.12743 0.0827709 0 0.867847 2.47376 0 0 -0.686486 0.343639 0.308297 0.000527487 0 1.0748 0 -2.72274 0 0 0 0 0 0 0 0 0 0 0 0 0 0 
0.357909 -4.16626e-18 -0.334966 0.0783812 1.6841e-18 0.0438141 1.93036 -1.53339 -0.356364 0.267525 1.15543 0.0710839 0 0.911709 2.60986 0 0 -0.735903 0.3743 0.319148 0.00846584 0 1.01769 0 -2.74546 0 0 0 0 0 0 0 0 0 0 0 0 0 0 
0.356693 -4.03773e-18 -0.33044 0.0769796 1.69991e-18 0.0441218 1.92423 -1.50051 -0.370517 0.260179 1.17631 0.0728046 0 0.917379 2.63163 0 0 -0.760219 0.386065 0.330047 0.00794161 0 1.00852 0 -2.69968 0 0 0 0 0 0 0 0 0 0 0 0 0 0 
0.340738 -3.75004e-18 -0.326376 0.0744083 1.70492e-18 0.0429446 1.94954 -1.41681 -0.38716 0.279685 1.19085 0.0940498 0 0.865683 2.5379 0 0 -0.766326 0.38343 0.337445 0.000355569 0 1.03008 0 -2.61505 0 0 0 0 0 0 0 0 0 0 0 0 0 0 
0.332535 -4.0576e-18 -0.34058 0.0758864 1.67201e-18 0.0399976 1.96924 -1.3199 -0.405438 0.306641 1.18735 0.143524 0 0.76989 2.33917 0 0 -0.768041 0.375036 0.317652 -0.0119808 0 1.08679 0 -2.76501 0 0 0 0 0 0 0 0 0 0 0 0 0 0 
0.304877 -4.19073e-18 -0.365046 0.0630675 1.41732e-18 0.0282481 1.78365 -1.04934 -0.443596 0.317784 1.12721 0.204545 0 0.64138 1.89223 0 0 -0.739153 0.331967 0.292966 -0.0430864 0 1.31042 0 -2.92191 0 0 0 0 0 0 0 0 0 0 0 0 0 0 
0.203293 -2.80285e-18 -0.338638 0.0210784 8.19461e-19 0.00361072 1.35585 -0.617937 -0.489212 0.311224 0.985617 0.271292 0 0.382358 1.04958 0 0 -0.577319 0.214441 0.33203 -0.0989673 0 1.85242 0 -2.15989 0 0 0 0 0 0 0 0 0 0 0 0 0 0 
0.0551055 -3.59857e-19 -0.141224 -0.0506434 2.88986e-20 -0.0269413 0.856452 -0.129753 -0.54638 0.233023 0.774938 0.282627 0 0.185244 0.0614504 0 0 -0.274512 0.0413546 0.411948 -0.161063 0 2.72924 0 0.872482 0 0 0 0 0 0 0 0 0 0 0 0 0 0 
-0.012448 8.04203e-19 -0.040175 -0.0739122 -4.60655e-19 -0.0390772 0.610417 0.119644 -0.431436 0.110252 0.622997 0.262786 0 0.0889029 -0.259145 0 0 -0.0209115 -0.0981309 0.363047 -0.160029 0 3.17191 0 2.47956 0 0 0 0 0 0 0 0 0 0 0 0 0 0 
-0.0302255 7.82865e-19 -0.000365512 -0.0685185 -6.48739e-19 -0.0416129 0.438334 0.306243 -0.31228 0.0140787 0.52986 0.299178 0 0.0276264 -0.326373 0 0 0.0940796 -0.14725 0.27777 -0.14725 0 3.33917 0 3.07731 0 0 0 0 0 0 0 0 0 0 0 0 0 0 
-0.0409497 7.41055e-19 0.0305955 -0.0522122 -6.61904e-19 -0.0399483 0.281111 0.44126 -0.256433 -0.0773938 0.38992 0.307473 0 2.66454e-15 -0.315977 0 0 0.130843 -0.135632 0.195125 -0.135632 0 3.40423 0 3.47893 0 0 0 0 0 0 0 0 0 0 0 0 0 0 
-0.0407763 7.26545e-19 0.0287998 -0.0425439 -5.51838e-19 -0.0367236 0.307637 0.43448 -0.228031 -0.058048 0.306682 0.306245 0 2.66454e-15 -0.322918 0 0 0.131329 -0.132977 0.161211 -0.132977 0 3.38953 0 3.48525 0 0 0 0 0 0 0 0 0 0 0 0 0 0 
-0.0329075 4.82665e-19 0.0258221 -0.0316869 -4.08631e-19 -0.033081 0.235044 0.360657 -0.177868 -0.00792437 0.242798 0.293901 0 2.66454e-15 -0.338045 0 0 0.122877 -0.132741 0.125978 -0.132741 0 3.34986 0 3.44333 0 0 0 0 0 0 0 0 0 0 0 0 0 0 
-0.0346649 4.43162e-19 0.0246674 -0.0227 -2.94291e-19 -0.0299367 0.115741 0.356763 -0.151063 -0.0351665 0.181015 0.276989 0 2.66454e-15 -0.362976 0 0 0.135959 -0.131179 0.0960731 -0.131179 0 3.31874 0 3.43882 0 0 0 0 0 0 0 0 0 0 0 0 0 0 
-0.038059 5.05794e-19 0.0257901 -0.0185904 -2.10085e-19 -0.0276378 0.0664147 0.374357 -0.157812 -0.106027 0.155529 0.273921 0 2.66454e-15 -0.38329 0 0 0.144605 -0.130126 0.0862365 -0.130126 0 3.28949 0 3.45904 0 0 0 0 0 0 0 0 0 0 0 0 0 0 
-0.0356724 4.65764e-19 0.0249952 -0.0146775 -1.50929e-19 -0.0259295 0.0634684 0.379534 -0.167759 -0.148896 0.133084 0.259506 0 2.66454e-15 -0.389183 0 0 0.137699 -0.128843 0.0742587 -0.128843 0 3.27064 0 3.45031 0 0 0 0 0 0 0 0 0 0 0 0 0 0 
-0.0320904 4.53699e-19 0.0244384 -0.0139187 -1.60939e-19 -0.024063 0.09768 0.385269 -0.175335 -0.133484 0.0869413 0.209201 0 3.55271e-15 -0.372323 0 0 0.121387 -0.126385 0.0278102 -0.101702 0 3.28353 0 3.45882 0 0 0 0 0 0 0 0 0 0 0 0 0 0 
-0.0303277 4.2772e-19 0.0236745 -0.0158836 -1.97412e-19 -0.024355 0.158854 0.40775 -0.185629 -0.123929 0.100185 0.226552 0 2.66454e-15 -0.361969 0 0 0.115828 -0.125313 0.022007 -0.0942075 0 3.29948 0 3.45267 0 0 0 0 0 0 0 0 0 0 0 0 0 0 
-0.0339674 4.41857e-19 0.0181275 -0.0164194 -2.37073e-19 -0.0256919 0.186775 0.41931 -0.191055 -0.14073 0.106841 0.246717 0 2.66454e-15 -0.374704 0 0 0.131886 -0.126091 0.0248868 -0.0979798 0 3.31169 0 3.39002 0 0 0 0 0 0 0 0 0 0 0 0 0 0 
-0.0396096 5.08642e-19 0.0125259 -0.0128681 -2.39874e-19 -0.0258145 0.159859 0.391952 -0.193716 -0.130509 0.0655837 0.217038 0 3.55271e-15 -0.387691 0 0 0.151024 -0.125607 0.0105171 -0.099464 0 3.31443 0 3.33661 0 0 0 0 0 0 0 0 0 0 0 0 0 0 
-0.0423418 5.3376e-19 0.0135258 -0.0132078 -2.55961e-19 -0.0263449 0.14253 0.322636 -0.182015 -0.0884928 0.0740306 0.231516 0 2.66454e-15 -0.384447 0 0 0.161521 -0.127457 0.00585521 -0.0985204 0 3.31733 0 3.34624 0 0 0 0 0 0 0 0 0 0 0 0 0 0 
-0.0457376 5.50128e-19 0.0254929 -0.0159476 -3.51394e-19 -0.0288637 0.114748 0.273412 -0.200052 -0.123538 0.0656489 0.203674 0 2.66454e-15 -0.392064 0 0 0.175637 -0.125313 0.0189469 -0.103458 0 3.35422 0 3.48024 0 0 0 0 0 0 0 0 0 0 0 0 0 0 
-0.0646828 6.68643e-19 0.029432 -0.0257418 -6.68643e-19 -0.0367449 0.0970862 0.119736 -0.214695 -0.176453 -0.0536678 0.104953 0 2.66454e-15 -0.346819 0 0 0.25258 -0.122379 0.0370975 -0.106427 0 3.44176 0 3.50614 0 0 0 0 0 0 0 0 0 0 0 0 0 0 
-0.0889665 7.2799e-19 0.0320443 -0.0287555 -7.2799e-19 -0.0411998 0.14595 -0.31472 -0.19559 -0.0902426 -0.0976914 0.0416066 0 2.66454e-15 -0.290392 0 0 0.364935 -0.133241 0.0728736 -0.133241 0 3.32987 0 3.39649 0 0 0 0 0 0 0 0 0 0 0 0 0 0 
-0.111998 7.10282e-19 0.0312648 -0.0330708 -7.10282e-19 -0.0386119 0.187639 -1.01454 -0.170081 -0.0562753 -0.127944 0.00886551 0 4.44089e-15 -0.189256 0 0 0.478264 -0.13 0.0954275 -0.13 0 3.0464 0 3.12293 0 0 0 0 0 0 0 0 0 0 0 0 0 0 
-0.111885 4.69915e-19 0.0124172 -0.0357683 -4.69915e-19 0.0377528 0.135856 -2.47189 -0.137527 -0.00429644 -0.12901 0.0216966 0 4.44089e-15 -0.0331756 0 0 0.499704 -0.0860067 0.13051 -0.0860067 0 2.00307 0 2.42406 0 0 0 0 0 0 0 0 0 0 0 0 0 0 
-0.0837234 -1.94371e-19 -0.0783199 -0.00804218 1.94371e-19 0.147862 0.115916 -4.22318 0.0568853 -0.101912 0.0533625 -0.0467581 0 -0.0785467 0.479566 0 0 0.423863 0.035575 0.109165 0.035575 0 0.616945 0 0.833576 0 0 0 0 0 0 0 0 0 0 0 0 0 0 
-0.0693743 -6.03761e-19 -0.136965 0.0125736 6.03761e-19 0.215182 0.174676 -4.80035 0.176699 -0.180182 0.165756 -0.108394 0 -0.124413 0.827686 0 0 0.391708 0.110504 0.0771988 0.110504 0 -0.0792601 0 -0.0222402 0 0 0 0 0 0 0 0 0 0 0 0 0 0 
-0.0624002 -8.01711e-19 -0.157169 0.029835 8.01711e-19 0.237807 0.157082 -4.99391 0.234631 -0.219899 0.220101 -0.133797 0 -0.141325 0.99175 0 0 0.375986 0.146734 0.0228531 0.146734 0 -0.310848 0 -0.314247 0 0 0 0 0 0 0 0 0 0 0 0 0 0 
-0.0611147 -8.42061e-19 -0.162727 0.0370998 8.42061e-19 0.243215 0.0984928 -5.02928 0.24644 -0.224224 0.231179 -0.136999 0 -0.164239 1.03947 0 0 0.373441 0.154119 0.00658001 0.154119 0 -0.362934 0 -0.388571 0 0 0 0 0 0 0 0 0 0 0 0 0 0 
-0.0599657 -8.82366e-19 -0.173065 0.0380137 8.82366e-19 0.248138 0.0532375 -5.04862 0.258236 -0.234951 0.242244 -0.151776 0 -0.178304 1.08464 0 0 0.371555 0.161496 0.015211 0.161496 0 -0.412649 0 -0.516219 0 0 0 0 0 0 0 0 0 0 0 0 0 0 
-0.0589209 -8.95645e-19 -0.179369 0.0375947 8.95645e-19 0.24791 0.0429638 -5.04919 0.262122 -0.248162 0.24589 -0.165302 0 -0.182454 1.10712 0 0 0.367702 0.163926 0.0212261 0.163926 0 -0.416051 0 -0.590385 0 0 0 0 0 0 0 0 0 0 0 0 0 0 
-0.0580397 -8.92333e-19 -0.178872 0.0390044 8.92333e-19 0.247936 0.0419952 -5.0519 0.261153 -0.252116 0.24498 -0.173607 0 -0.187907 1.11472 0 0 0.363125 0.16332 0.0177195 0.16332 0 -0.415231 0 -0.583888 0 0 0 0 0 0 0 0 0 0 0 0 0 0 
-0.0575595 -8.92838e-19 -0.180144 0.0413174 8.92838e-19 0.24786 0.0437893 -5.04826 0.261301 -0.255978 0.245119 -0.180544 0 -0.19972 1.13109 0 0 0.360841 0.163413 0.0144202 0.163413 0 -0.415428 0 -0.598533 0 0 0 0 0 0 0 0 0 0 0 0 0 0 
-0.0552255 -8.91299e-19 -0.184626 0.0436578 8.91299e-19 0.247947 0.0587574 -5.03574 0.260851 -0.274252 0.244697 -0.181186 0 -0.208655 1.14317 0 0 0.34938 0.163131 0.008883 0.163131 0 -0.414973 0 -0.646327 0 0 0 0 0 0 0 0 0 0 0 0 0 0 
-0.0577494 -7.77338e-19 -0.158485 0.0354775 7.77338e-19 0.241406 0.15722 -5.01809 0.227498 -0.280154 0.21341 -0.184687 0 -0.159669 1.01995 0 0 0.351199 0.142273 0.00547935 0.142273 0 -0.325597 0 -0.31661 0 0 0 0 0 0 0 0 0 0 0 0 0 0 
-0.0784271 -3.76008e-19 -0.0753147 0.0096092 3.76008e-19 0.17422 0.136344 -4.65563 0.110044 -0.263891 0.103229 -0.198278 0 -0.0183353 0.637172 0 0 0.414787 0.0688193 1.85882e-05 0.0688193 0 0.348608 0 0.785679 0 0 0 0 0 0 0 0 0 0 0 0 0 0 
-0.12221 1.72504e-19 0.00759317 -0.00476433 -1.72504e-19 0.06111 0.0104201 -3.01476 -0.0504855 -0.267475 -0.047359 -0.230614 0 5.32907e-15 0.30992 0 0 0.576984 -0.0315727 -0.034978 -0.00619052 0 1.58769 0 2.11157 0 0 0 0 0 0 0 0 0 0 0 0 0 0 
-0.167632 4.93612e-19 0.0217276 -0.0107329 -4.93612e-19 -0.0200447 -0.102905 -1.14666 -0.144462 -0.277569 -0.135516 -0.241214 0 4.44089e-15 0.145069 0 0 0.767927 -0.090344 -0.184497 0.0244905 0 2.64447 0 2.71261 0 0 0 0 0 0 0 0 0 0 0 0 0 0 
-0.183282 5.21218e-19 0.0229427 -0.0108717 -5.21218e-19 -0.0207043 -0.177001 -0.292798 -0.152541 -0.253929 -0.143095 -0.214178 0 4.44089e-15 0.104672 0 0 0.841309 -0.0953966 -0.208247 0.0325762 0 2.81976 0 2.89306 0 0 0 0 0 0 0 0 0 0 0 0 0 0 
-0.184433 5.00443e-19 0.0220282 -0.0115365 -5.00443e-19 -0.0209772 -0.195184 -0.159139 -0.0950756 -0.227893 -0.188777 -0.217846 0 4.44089e-15 0.0435276 0 0 0.84879 -0.0915941 -0.167983 0.0152958 0 2.86748 0 2.93466 0 0 0 0 0 0 0 0 0 0 0 0 0 0 
-0.180074 4.96685e-19 0.0218628 -0.0122468 -4.96685e-19 -0.0216166 -0.216744 -0.137621 -0.0855296 -0.216244 -0.196191 -0.216244 0 4.44089e-15 0.0107802 0 0 0.827993 -0.0909063 -0.143526 0.00358305 0 2.88739 0 2.95174 0 0 0 0 0 0 0 0 0 0 0 0 0 0 
-0.178854 4.89593e-19 0.0215506 -0.0128698 -4.89593e-19 -0.0221058 -0.244023 -0.155605 -0.105286 -0.187131 -0.172412 -0.187131 0 4.44089e-15 -0.024268 0 0 0.822725 -0.0896082 -0.118253 -0.0080797 0 2.89341 0 2.95452 0 0 0 0 0 0 0 0 0 0 0 0 0 0 
-0.180652 4.67313e-19 0.0205699 -0.0129172 -4.67313e-19 -0.0217329 -0.229731 -0.286763 -0.120451 -0.13496 -0.14461 -0.13496 0 4.44089e-15 -0.074017 0 0 0.833483 -0.0855306 -0.0944472 -0.0169243 0 2.87481 0 2.9313 0 0 0 0 0 0 0 0 0 0 0 0 0 0 
-0.181888 4.40898e-19 0.0194072 -0.0123896 -4.40898e-19 -0.020707 -0.197869 -0.335112 -0.128035 -0.113215 -0.122044 -0.113215 0 4.44089e-15 -0.0965939 0 0 0.841895 -0.0806959 -0.0832122 -0.0189158 0 2.84679 0 2.89949 0 0 0 0 0 0 0 0 0 0 0 0 0 0 
-0.179438 4.55964e-19 0.0200704 -0.0132336 -4.55964e-19 -0.0218352 -0.176189 -0.575567 -0.133444 -0.132603 -0.12518 -0.121401 0 4.44089e-15 -0.0676134 0 0 0.82863 -0.0834533 -0.0738125 -0.0256837 0 2.79921 0 2.85249 0 0 0 0 0 0 0 0 0 0 0 0 0 0 
-0.1438 3.46009e-19 0.0152304 -0.0109616 -3.46009e-19 0.0440975 -0.140362 -2.55796 -0.101264 -0.101729 -0.094993 -0.0989326 0 4.44089e-15 0.0889548 0 0 0.665831 -0.0633286 -0.0292564 -0.0328683 0 1.86745 0 2.35334 0 0 0 0 0 0 0 0 0 0 0 0 0 0 
-0.092544 -2.5077e-19 -0.0465724 0.0135314 2.5077e-19 0.166013 -0.014341 -4.33082 0.0733912 -0.158165 0.0688462 -0.117203 0 -0.0296161 0.496733 0 0 0.471805 0.0458975 -0.0229487 0.0458975 0 0.484193 0 1.17813 0 0 0 0 0 0 0 0 0 0 0 0 0 0 
-0.0779172 -5.48728e-19 -0.110722 0.0336652 5.48728e-19 0.218678 0.0776254 -4.82634 0.160592 -0.194757 0.150647 -0.126078 0 -0.0950809 0.753099 0 0 0.428111 0.100432 -0.0497085 0.100432 0 -0.0632156 0 0.306943 0 0 0 0 0 0 0 0 0 0 0 0 0 0 
-0.0727935 -6.74891e-19 -0.13528 0.0430507 6.74891e-19 0.23775 0.132009 -4.96257 0.197516 -0.21183 0.185284 -0.132023 0 -0.135921 0.870609 0 0 0.414798 0.123523 -0.0564651 0.123523 0 -0.254097 0 -0.0160923 0 0 0 0 0 0 0 0 0 0 0 0 0 0 
-0.0693313 -7.57466e-19 -0.153275 0.0502387 7.57466e-19 0.251189 0.168273 -5.02394 0.221682 -0.235524 0.207954 -0.145329 0 -0.161432 0.950699 0 0 0.405558 0.138636 -0.0667704 0.138636 0 -0.380923 0 -0.243432 0 0 0 0 0 0 0 0 0 0 0 0 0 0 
-0.0682485 -7.85382e-19 -0.160366 0.0508597 7.85382e-19 0.250802 0.12887 -5.06575 0.229852 -0.241996 0.215618 -0.156644 0 -0.154466 0.96702 0 0 0.402859 0.143745 -0.0718727 0.143745 0 -0.387596 0 -0.330955 0 0 0 0 0 0 0 0 0 0 0 0 0 0 
-0.0677831 -7.80892e-19 -0.154436 0.0479673 7.80892e-19 0.251059 0.110272 -5.09121 0.228538 -0.222683 0.214386 -0.168639 0 -0.13489 0.94174 0 0 0.400191 0.142924 -0.0713029 0.142924 0 -0.386362 0 -0.263025 0 0 0 0 0 0 0 0 0 0 0 0 0 0 
-0.0678663 -7.66255e-19 -0.154281 0.0470989 7.66255e-19 0.251269 0.104716 -5.06453 0.224255 -0.228224 0.210367 -0.177407 0 -0.132351 0.934685 0 0 0.399256 0.140245 -0.0701223 0.140245 0 -0.382859 0 -0.255973 0 0 0 0 0 0 0 0 0 0 0 0 0 0 
-0.069702 -7.18418e-19 -0.144201 0.0424601 7.18418e-19 0.250661 0.110199 -4.98807 0.210254 -0.247957 0.197234 -0.182471 0 -0.111729 0.896305 0 0 0.403784 0.131489 -0.0657446 0.131489 0 -0.360163 0 -0.12658 0 0 0 0 0 0 0 0 0 0 0 0 0 0 
-0.0803712 -5.2278e-19 -0.0991494 0.0259652 5.2278e-19 0.223931 0.0878792 -4.78035 0.152999 -0.250124 0.143524 -0.183805 0 -0.0454137 0.722376 0 0 0.437641 0.0956824 -0.0478412 0.0956824 0 -0.0822092 0 0.453081 0 0 0 0 0 0 0 0 0 0 0 0 0 0 
-0.101195 -1.74395e-19 -0.0129421 0.00785789 1.74395e-19 0.158338 0.0492061 -4.2244 0.051039 -0.259135 0.0478783 -0.200605 0 5.32907e-15 0.487412 0 0 0.506778 0.0319189 -0.0531599 0.0505191 0 0.603604 0 1.60493 0 0 0 0 0 0 0 0 0 0 0 0 0 0 
-0.143534 2.53679e-19 0.0111663 -0.00551469 -2.53679e-19 0.0519859 -0.0108175 -3.11397 -0.0742426 -0.296854 -0.0696449 -0.233784 0 5.32907e-15 0.268294 0 0 0.672987 -0.0464299 -0.0948527 0.0126039 0 1.71425 0 2.2025 0 0 0 0 0 0 0 0 0 0 0 0 0 0 
-0.16666 4.44506e-19 0.019566 -0.0123204 -4.44506e-19 -0.0207058 -0.121816 -1.78773 -0.130091 -0.327255 -0.122034 -0.272986 0 4.44089e-15 0.159514 0 0 0.7677 -0.0813562 -0.0888592 -0.0165876 0 2.56664 0 2.62027 0 0 0 0 0 0 0 0 0 0 0 0 0 0 
-0.167212 4.77169e-19 0.0210038 -0.0156185 -4.77169e-19 -0.0246201 -0.178267 -1.30545 -0.13965 -0.296024 -0.131002 -0.276476 0 4.44089e-15 0.0996963 0 0 0.767392 -0.0873344 -0.025744 -0.0526288 0 2.71895 0 2.76955 0 0 0 0 0 0 0 0 0 0 0 0 0 0 
-0.166244 5.10613e-19 0.0224759 -0.0181113 -5.10613e-19 -0.0277438 -0.194811 -1.15616 -0.125852 -0.227974 -0.16377 -0.238486 0 4.44089e-15 0.00725066 0 0 0.75964 -0.0934556 0.0131452 -0.0766643 0 2.82956 0 2.87964 0 0 0 0 0 0 0 0 0 0 0 0 0 0 
-0.165932 5.93585e-19 0.0261281 -0.0218555 -5.93585e-19 -0.0330532 -0.27933 -1.19666 -0.123422 -0.220519 -0.160866 -0.146194 0 4.44089e-15 -0.141797 0 0 0.750536 -0.108641 0.0386028 -0.100783 0 2.91222 0 2.96812 0 0 0 0 0 0 0 0 0 0 0 0 0 0 
-0.164182 6.31662e-19 0.0278042 -0.0238321 -6.31662e-19 -0.0357482 -0.392312 -1.34716 -0.0700598 -0.223512 -0.103527 -0.0425106 0 4.44089e-15 -0.210759 0 0 0.738567 -0.115611 0.0578053 -0.115611 0 2.92661 0 2.98441 0 0 0 0 0 0 0 0 0 0 0 0 0 0 
-0.16225 6.46402e-19 0.028453 -0.0243883 -6.46402e-19 -0.0365824 -0.436725 -1.49647 -0.0167241 -0.223309 -0.0378737 0.0569265 0 3.55271e-15 -0.245184 0 0 0.727845 -0.118308 0.0591542 -0.118308 0 2.92601 0 2.98517 0 0 0 0 0 0 0 0 0 0 0 0 0 0 
-0.146817 6.90518e-19 0.0303948 -0.0195664 -4.32643e-19 -0.0325928 -0.374143 -1.56489 0.0196738 -0.225068 0.0152132 0.143652 0 4.44089e-15 -0.338643 0 0 0.648955 -0.126383 0.0631914 -0.126383 0 2.89887 0 3.05646 0 0 0 0 0 0 0 0 0 0 0 0 0 0 
-0.0994633 -1.9911e-19 0.00899251 0.0283635 1.53456e-18 0.0158741 -0.351031 -1.57812 0.0402797 -0.213104 0.0257394 0.18913 0 4.44089e-15 -0.42181 0 0 0.529387 -0.135836 0.0574944 -0.126959 0 2.18538 0 2.74392 0 0 0 0 0 0 0 0 0 0 0 0 0 0 
-0.0820265 -2.68982e-19 0.00695273 0.0284835 1.51398e-18 0.015217 -0.397379 -1.64267 0.0650008 -0.220867 0.0529541 0.23642 0 4.44089e-15 -0.430288 0 0 0.45288 -0.133097 0.0687408 -0.133097 0 2.20779 0 2.73007 0 0 0 0 0 0 0 0 0 0 0 0 0 0 
-0.102202 6.89714e-19 0.0303595 -0.0129603 -1.44139e-19 -0.0253108 -0.44002 -1.6438 0.0686787 -0.228151 0.0860303 0.28546 0 3.55271e-15 -0.409568 0 0 0.432631 -0.126236 0.0663229 -0.126236 0 2.86517 0 3.128 0 0 0 0 0 0 0 0 0 0 0 0 0 0 
-0.0992499 6.77398e-19 0.0298174 -0.0255577 -6.77398e-19 -0.0383366 -0.43791 -1.59269 0.0466659 -0.203941 0.0925311 0.328404 0 3.55271e-15 -0.407082 0 0 0.419441 -0.123982 0.0619908 -0.123982 0 3.09323 0 3.15522 0 0 0 0 0 0 0 0 0 0 0 0 0 0 
-0.097194 6.64719e-19 0.0292592 -0.0250793 -6.64719e-19 -0.037619 -0.441989 -1.636 0.0362431 -0.181098 0.099645 0.378444 0 4.44089e-15 -0.401481 0 0 0.410628 -0.121661 0.0608304 -0.121661 0 3.09235 0 3.15318 0 0 0 0 0 0 0 0 0 0 0 0 0 0 
-0.0960154 6.54215e-19 0.0287969 -0.0256646 -6.54215e-19 -0.0370246 -0.46273 -1.66625 0.0288075 -0.216994 0.119572 0.453797 0 4.44089e-15 -0.395137 0 0 0.405873 -0.119738 0.064631 -0.119738 0 3.08346 0 3.14333 0 0 0 0 0 0 0 0 0 0 0 0 0 0 
-0.0926968 6.50734e-19 0.0286436 -0.0248206 -6.50734e-19 -0.0368275 -0.469757 -1.62789 0.0132652 -0.249664 0.124634 0.486047 0 4.44089e-15 -0.393034 0 0 0.390094 -0.119101 0.0608553 -0.119101 0 3.09515 0 3.1547 0 0 0 0 0 0 0 0 0 0 0 0 0 0 
-0.0906967 6.46259e-19 0.0284467 -0.0243829 -6.46259e-19 -0.0365743 -0.475171 -1.61569 0.00117743 -0.24604 0.128649 0.490035 0 3.55271e-15 -0.390332 0 0 0.380802 -0.118282 0.0591412 -0.118282 0 3.10355 0 3.16269 0 0 0 0 0 0 0 0 0 0 0 0 0 0 
-0.0917011 6.53873e-19 0.0287818 -0.0246701 -6.53873e-19 -0.0370052 -0.445746 -1.52413 -0.0275519 -0.247098 0.116617 0.467077 0 4.44089e-15 -0.384144 0 0 0.384978 -0.119676 0.0598379 -0.119676 0 3.13053 0 3.19037 0 0 0 0 0 0 0 0 0 0 0 0 0 0 
-0.091665 6.69308e-19 0.0294612 -0.0242605 -6.69308e-19 -0.0368867 -0.383989 -1.36937 -0.0629715 -0.23255 0.0725259 0.417431 0 4.44089e-15 -0.378942 0 0 0.383391 -0.122501 0.0323763 -0.108064 0 3.17346 0 3.2376 0 0 0 0 0 0 0 0 0 0 0 0 0 0 
-0.0918445 6.78666e-19 0.0298731 -0.0225434 -6.24873e-19 -0.0353461 -0.376273 -1.24405 -0.0769301 -0.161048 0.00635893 0.354651 0 4.44089e-15 -0.36722 0 0 0.383406 -0.124214 0.0123598 -0.0993401 0 3.19301 0 3.27979 0 0 0 0 0 0 0 0 0 0 0 0 0 0 
-0.0961424 6.92876e-19 0.0304986 -0.025165 -6.54046e-19 -0.0382358 -0.428439 -0.906322 -0.111966 -0.162192 -0.0797047 0.271993 0 2.66454e-15 -0.333305 0 0 0.402952 -0.126814 0.0634072 -0.126814 0 3.28131 0 3.35893 0 0 0 0 0 0 0 0 0 0 0 0 0 0 
-0.0956817 6.88315e-19 0.0302979 -0.0247139 -6.3839e-19 -0.0376987 -0.454735 -0.41206 -0.149118 -0.191489 -0.0998712 0.227582 0 3.55271e-15 -0.317556 0 0 0.401135 -0.12598 0.0629899 -0.12598 0 3.3559 0 3.43717 0 0 0 0 0 0 0 0 0 0 0 0 0 0 
-0.0894787 6.71909e-19 0.0295757 -0.0206854 -4.96952e-19 -0.0333607 -0.421418 -0.0677355 -0.155599 -0.166669 -0.109781 0.122074 0 2.66454e-15 -0.329211 0 0 0.372549 -0.122977 0.053787 -0.119126 0 3.36319 0 3.48949 0 0 0 0 0 0 0 0 0 0 0 0 0 0 
-0.0812219 6.56218e-19 0.028885 -0.0168763 -3.84684e-19 -0.0292556 -0.373164 0.0723779 -0.156929 -0.143281 -0.112033 0.0756926 0 3.55271e-15 -0.340544 0 0 0.333936 -0.120105 0.0294202 -0.104789 0 3.34947 0 3.51198 0 0 0 0 0 0 0 0 0 0 0 0 0 0 
-0.0756576 6.57266e-19 0.0289312 -0.0118554 -1.9328e-19 -0.0242545 -0.326178 0.124852 -0.154201 -0.178333 -0.111828 0.0842593 0 2.66454e-15 -0.346018 0 0 0.306851 -0.120297 0.0231204 -0.101783 0 3.28826 0 3.52196 0 0 0 0 0 0 0 0 0 0 0 0 0 0 
-0.0684002 5.41086e-19 0.0262293 -0.00131443 1.71894e-19 -0.0139339 -0.233661 0.204021 -0.145821 -0.155203 -0.143006 0.0764451 0 3.55271e-15 -0.339584 0 0 0.286181 -0.122435 -0.0195497 -0.0820514 0 3.15465 0 3.48494 0 0 0 0 0 0 0 0 0 0 0 0 0 0 
-0.0443621 8.51845e-20 0.0149888 0.0163625 6.93557e-19 0.00276556 -0.189053 0.253746 -0.136147 -0.105452 -0.199824 0.0111115 0 -0.00546251 -0.324343 0 0 0.225575 -0.124635 -0.133596 -0.0266782 0 2.94561 0 3.31258 0 0 0 0 0 0 0 0 0 0 0 0 0 0 
-0.015252 -4.09895e-19 0.00317857 0.0457609 1.11761e-18 0.0182074 -0.1649 0.269452 -0.136732 -0.116896 -0.217721 -0.0178864 0 -0.122691 -0.222353 0 0 0.145821 -0.130867 -0.219254 0.0114766 0 2.73339 0 3.1067 0 0 0 0 0 0 0 0 0 0 0 0 0 0 
0.0134178 -7.53442e-19 -0.00450832 0.078838 1.32437e-18 0.0497921 -0.0968083 0.425695 -0.140104 -0.0597991 -0.243584 -0.0113048 0 -0.245512 -0.111032 0 0 0.083669 -0.0639217 -0.222405 0.0693033 0 2.4203 0 2.95446 0 0 0 0 0 0 0 0 0 0 0 0 0 0 
0.0280502 -9.35761e-19 -0.00942019 0.0818953 1.35995e-18 0.0487012 -0.0734435 0.565617 -0.162589 0.0462359 -0.240395 -0.0297829 0 -0.225736 -0.102103 0 0 0.033299 -0.0409662 -0.259075 0.0990743 0 2.4355 0 2.89392 0 0 0 0 0 0 0 0 0 0 0 0 0 0 
0.0276366 -9.76656e-19 -0.010338 0.084028 1.41831e-18 0.0401467 -0.0356188 0.511799 -0.156669 0.0235473 -0.232704 -0.000887345 0 -0.254816 -0.0836826 0 0 0.0133328 -0.0745265 -0.285432 0.0748458 0 2.48657 0 2.87754 0 0 0 0 0 0 0 0 0 0 0 0 0 0 
0.00670432 -8.71799e-19 -0.00622813 0.167564 1.75182e-18 0.106904 -0.247163 0.0609717 0.11818 -0.097592 -0.250723 0.284108 0 -0.841679 0.50995 0 0 0.13201 -0.152323 -0.259864 0.0156894 0 1.68766 0 2.68322 0 0 0 0 0 0 0 0 0 0 0 0 0 0 
-0.0290369 -8.88447e-19 -0.0123463 0.29936 2.1698e-18 0.260203 -1.00673 -1.06566 0.795552 -0.188629 -0.296815 0.518297 0 -1.71939 1.45866 0 0 0.276247 -0.0970273 -0.430133 0.152536 0 -0.200564 0 1.85966 0 0 0 0 0 0 0 0 0 0 0 0 0 0 
-0.0501638 -1.05939e-18 -0.0244272 0.320145 2.26055e-18 0.324522 -1.47797 -1.73515 1.18726 -0.388163 -0.37267 0.535127 0 -1.79117 1.74137 0 0 0.37615 -0.0215339 -0.61933 0.302361 0 -0.937395 0 1.39047 0 0 0 0 0 0 0 0 0 0 0 0 0 0 
-0.0746696 -1.01454e-18 -0.0269415 0.304855 2.11846e-18 0.336246 -1.74086 -2.03202 1.3618 -0.587889 -0.457018 0.544842 0 -1.65709 1.7448 0 0 0.483642 0.013806 -0.728973 0.380418 0 -1.06079 0 1.26813 0 0 0 0 0 0 0 0 0 0 0 0 0 0 
-0.0965642 -8.39002e-19 -0.0238562 0.303144 1.98746e-18 0.328516 -1.77228 -2.12793 1.393 -0.674753 -0.494976 0.540493 0 -1.64368 1.79003 0 0 0.56627 0.0267096 -0.775345 0.409884 0 -1.00334 0 1.28207 0 0 0 0 0 0 0 0 0 0 0 0 0 0 
-0.106795 -7.77499e-19 -0.0231728 0.30823 1.94017e-18 0.324949 -1.76381 -2.15641 1.39126 -0.68271 -0.480996 0.534536 0 -1.67127 1.84285 0 0 0.606991 0.0350876 -0.813314 0.432973 0 -0.981153 0 1.27309 0 0 0 0 0 0 0 0 0 0 0 0 0 0 
-0.107804 -8.4187e-19 -0.0246683 0.30367 1.82658e-18 0.322026 -1.73952 -2.10516 1.39615 -0.680268 -0.495417 0.534984 0 -1.65482 1.8101 0 0 0.619938 0.0338884 -0.831333 0.441083 0 -0.932482 0 1.25544 0 0 0 0 0 0 0 0 0 0 0 0 0 0 
-0.105026 -8.72106e-19 -0.0241844 0.29809 1.61077e-18 0.318318 -1.74974 -1.96119 1.40954 -0.605806 -0.529181 0.571278 0 -1.6606 1.76965 0 0 0.612169 0.0218151 -0.821907 0.427315 0 -0.846533 0 1.28548 0 0 0 0 0 0 0 0 0 0 0 0 0 0 
-0.105135 -8.43396e-19 -0.0223181 0.287963 1.3644e-18 0.312763 -1.73925 -1.86155 1.42435 -0.524262 -0.54804 0.615853 0 -1.6348 1.70283 0 0 0.611048 0.0107138 -0.827358 0.421714 0 -0.743286 0 1.3315 0 0 0 0 0 0 0 0 0 0 0 0 0 0 
-0.113454 -6.83532e-19 -0.0144864 0.247803 8.29254e-19 0.283184 -1.57817 -1.62055 1.38899 -0.413354 -0.634056 0.62659 0 -1.45603 1.37686 0 0 0.638063 -0.0262574 -0.820767 0.390691 0 -0.347108 0 1.53593 0 0 0 0 0 0 0 0 0 0 0 0 0 0 
-0.121796 -3.20638e-19 0.0023424 0.165329 2.01914e-19 0.21299 -1.36065 -1.15103 1.18854 -0.191882 -0.770136 0.540893 0 -1.01358 0.680368 0 0 0.646719 -0.100973 -0.761419 0.30498 0 0.549899 0 2.07423 0 0 0 0 0 0 0 0 0 0 0 0 0 0 
-0.0946085 -3.14828e-19 0.00806511 0.0592214 2.63199e-19 0.107515 -1.46294 -0.687504 0.80303 0.0593853 -0.69041 0.281152 0 -0.279981 -0.133543 0 0 0.523168 -0.155077 -0.643713 0.205549 0 1.79857 0 2.67704 0 0 0 0 0 0 0 0 0 0 0 0 0 0 
-0.0249492 -1.09395e-18 -0.0131732 0.0317062 8.83472e-19 0.0320275 -1.16031 -0.273991 0.36955 0.208402 -0.377933 -0.0425241 0 3.55271e-15 -0.322123 0 0 0.277692 -0.139154 -0.484786 0.138027 0 2.54181 0 2.69648 0 0 0 0 0 0 0 0 0 0 0 0 0 0 
0.0272142 -1.33787e-18 -0.0340423 0.0294628 9.16132e-19 0.0118712 -0.175099 -0.122624 0.0749991 0.153199 -0.0486189 -0.102225 0 3.55271e-15 -0.372378 0 0 0.0207765 -0.138384 -0.353451 0.0487193 0 2.73146 0 2.52032 0 0 0 0 0 0 0 0 0 0 0 0 0 0 
0.0156513 -6.60727e-19 -0.0348972 0.0239703 8.15781e-19 0.00391227 0.417969 -0.195539 0.0133961 0.0760253 0.0901876 0.0263465 0 3.55271e-15 -0.412042 0 0 -0.116841 -0.0875228 -0.245482 -0.0232125 0 2.76017 0 2.49566 0 0 0 0 0 0 0 0 0 0 0 0 0 0 
0.0093061 -3.08333e-19 -0.0387589 0.0210654 8.13353e-19 0.000332076 0.705262 -0.294492 -0.0860447 0.0497694 0.196999 0.0994198 0 2.66454e-15 -0.423775 0 0 -0.182096 -0.0598085 -0.154658 -0.0735383 0 2.75019 0 2.43769 0 0 0 0 0 0 0 0 0 0 0 0 0 0 
0.0155607 -4.7358e-19 -0.0404245 0.0194581 8.08863e-19 -0.00185371 0.843128 -0.299232 -0.148838 0.0315895 0.276677 0.169756 0 3.55271e-15 -0.422437 0 0 -0.234941 -0.0375958 -0.102939 -0.103607 0 2.74881 0 2.37416 0 0 0 0 0 0 0 0 0 0 0 0 0 0 
0.0201875 -6.14432e-19 -0.0462926 0.0207634 9.3837e-19 0.000330502 0.964091 -0.272414 -0.165951 0.0503565 0.318392 0.26623 0 2.66454e-15 -0.397425 0 0 -0.266715 -0.0153133 -0.0463435 -0.12551 0 2.70032 0 2.27635 0 0 0 0 0 0 0 0 0 0 0 0 0 0 
0.00958223 -5.43346e-19 -0.0638021 0.0224426 1.19781e-18 0.00576075 0.902803 -0.402838 -0.198868 0.178953 0.311095 0.145028 0 2.66454e-15 -0.392323 0 0 -0.25283 0.023931 0.0409271 -0.14185 0 2.5574 0 2.0036 0 0 0 0 0 0 0 0 0 0 0 0 0 0 
-0.00035176 -1.42737e-19 -0.104003 -0.00835327 1.30885e-18 0.00742903 0.779784 -0.825808 -0.267806 0.452648 0.305967 -0.128457 0 0.0784581 -0.370704 0 0 -0.310704 0.0957258 0.224958 -0.148397 0 2.23292 0 1.23912 0 0 0 0 0 0 0 0 0 0 0 0 0 0 
0.0157859 3.14913e-19 -0.135943 -0.0259879 1.38834e-18 0.0132044 0.895489 -1.28756 -0.300256 0.635579 0.476226 -0.364402 0 0.270063 -0.122231 0 0 -0.433346 0.185256 0.31654 -0.126417 0 1.86643 0 0.544563 0 0 0 0 0 0 0 0 0 0 0 0 0 0 
0.0299959 5.14563e-19 -0.157224 -0.0331105 1.52546e-18 0.0218285 1.12659 -1.62289 -0.332842 0.727697 0.675644 -0.511805 0 0.380385 0.0708011 0 0 -0.531757 0.259566 0.362801 -0.0962897 0 1.5698 0 0.0609613 0 0 0 0 0 0 0 0 0 0 0 0 0 0 
0.0406128 3.93538e-19 -0.174273 -0.0383518 1.64413e-18 0.0289813 1.44551 -1.85396 -0.33303 0.758652 0.841731 -0.582232 0 0.397509 0.172307 0 0 -0.593201 0.303076 0.398663 -0.0720277 0 1.37352 0 -0.292155 0 0 0 0 0 0 0 0 0 0 0 0 0 0 
0.0594486 2.70728e-19 -0.195474 -0.0388193 1.79996e-18 0.0367621 1.6598 -1.9652 -0.315033 0.760618 0.956473 -0.609119 0 0.461146 0.308731 0 0 -0.642301 0.332387 0.416199 -0.0495503 0 1.21966 0 -0.624071 0 0 0 0 0 0 0 0 0 0 0 0 0 0 
0.0750282 2.27775e-19 -0.217718 -0.0364532 1.91893e-18 0.0411051 1.86988 -1.97713 -0.302641 0.784676 1.06561 -0.479132 0 0.527662 0.40293 0 0 -0.678584 0.345638 0.417927 -0.0416888 0 1.1331 0 -0.914006 0 0 0 0 0 0 0 0 0 0 0 0 0 0 
0.0823105 3.58652e-20 -0.236562 -0.0336264 1.97361e-18 0.0441445 2.07801 -2.04743 -0.269498 0.832504 1.15414 -0.396621 0 0.519185 0.445529 0 0 -0.696216 0.354399 0.409271 -0.0320012 0 1.06331 0 -1.18009 0 0 0 0 0 0 0 0 0 0 0 0 0 0 
0.0807192 -4.92818e-20 -0.239542 -0.0343429 1.99967e-18 0.0451358 2.17159 -2.06774 -0.251343 0.876403 1.19816 -0.357779 0 0.473671 0.415477 0 0 -0.718402 0.362131 0.4156 -0.0300461 0 1.04044 0 -1.238 0 0 0 0 0 0 0 0 0 0 0 0 0 0 
0.0784026 1.85455e-20 -0.233801 -0.035424 2.01219e-18 0.0440095 2.19917 -1.98491 -0.283612 0.889417 1.21672 -0.324663 0 0.457111 0.376409 0 0 -0.744975 0.365678 0.423772 -0.0384369 0 1.06424 0 -1.15733 0 0 0 0 0 0 0 0 0 0 0 0 0 0 
0.0751485 9.72297e-20 -0.228734 -0.0358233 2.02138e-18 0.0423848 2.17577 -1.86537 -0.30981 0.920677 1.22556 -0.273831 0 0.460736 0.336576 0 0 -0.741294 0.358907 0.428631 -0.0492406 0 1.09696 0 -1.06932 0 0 0 0 0 0 0 0 0 0 0 0 0 0 
0.0531538 3.69798e-19 -0.210934 -0.0368474 2.07052e-18 0.0395369 2.13234 -1.64508 -0.315845 0.97466 1.20405 -0.113756 0 0.403697 0.180528 0 0 -0.693287 0.329955 0.443557 -0.0730133 0 1.17874 0 -0.760263 0 0 0 0 0 0 0 0 0 0 0 0 0 0 
0.00636851 6.72083e-19 -0.154322 -0.0351316 2.02627e-18 0.0298355 2.05596 -1.18635 -0.397178 0.878294 1.04608 0.162139 0 0.211185 -0.194744 0 0 -0.585341 0.257232 0.438167 -0.123009 0 1.5155 0 0.19622 0 0 0 0 0 0 0 0 0 0 0 0 0 0 
-0.042645 7.88737e-19 -0.0532671 -0.00613943 1.66211e-18 0.0170081 1.55623 -0.543818 -0.393611 0.294796 0.620667 0.476907 0 4.44089e-15 -0.448785 0 0 -0.266226 0.0961921 0.256649 -0.144359 0 2.23965 0 2.0201 0 0 0 0 0 0 0 0 0 0 0 0 0 0 
-0.0371227 3.48821e-19 -0.0123996 0.0206693 1.20608e-18 0.00616878 0.633523 -1.11546 0.0278467 -0.126377 0.382125 0.39975 0 4.44089e-15 -0.211832 0 0 0.066057 -0.0837354 0.0703426 -0.140685 0 2.44683 0 2.64287 0 0 0 0 0 0 0 0 0 0 0 0 0 0 
-0.0354999 -2.57802e-19 0.00678104 0.0243836 1.0201e-18 0.0111181 -0.412073 -1.50954 0.369711 -0.416234 0.432047 0.472921 0 3.55271e-15 -0.0281269 0 0 0.225113 -0.128703 -0.155948 -0.0185531 0 2.28975 0 2.65517 0 0 0 0 0 0 0 0 0 0 0 0 0 0 
-0.0520169 -3.53425e-19 0.00411854 0.0236029 8.19386e-19 0.0249086 -1.04518 -1.65123 0.594264 -0.532896 0.34979 0.37274 0 4.44089e-15 0.0149723 0 0 0.316476 -0.126206 -0.276427 0.0435585 0 2.1016 0 2.47338 0 0 0 0 0 0 0 0 0 0 0 0 0 0 
-0.0580188 -4.24467e-19 0.00198294 0.0227467 6.89848e-19 0.0148327 -1.22043 -1.63593 0.671898 -0.591596 0.306108 0.371604 0 4.44089e-15 0.0347643 0 0 0.35369 -0.122823 -0.341264 0.0785144 0 2.18288 0 2.41624 0 0 0 0 0 0 0 0 0 0 0 0 0 0 
-0.0576628 -4.76399e-19 0.000885395 0.0206656 6.14807e-19 0.00779743 -1.15338 -1.56228 0.701661 -0.564431 0.297623 0.393907 0 4.44089e-15 0.0138064 0 0 0.358636 -0.124848 -0.338668 0.0756979 0 2.2649 0 2.4181 0 0 0 0 0 0 0 0 0 0 0 0 0 0 
-0.0610394 -3.63023e-19 0.00515598 0.0170314 5.50523e-19 0.00274435 -0.946708 -1.37009 0.638413 -0.689686 0.244731 0.49535 0 4.44089e-15 -0.151049 0 0 0.363479 -0.138614 -0.3006 0.0463396 0 2.39298 0 2.56791 0 0 0 0 0 0 0 0 0 0 0 0 0 0 
-0.0597698 -2.74365e-19 0.00831817 0.0151073 5.28078e-19 -0.000111909 -0.68312 -1.16602 0.474804 -0.76927 0.17103 0.557128 0 3.55271e-15 -0.320631 0 0 0.348014 -0.147658 -0.274596 0.0265544 0 2.52943 0 2.73097 0 0 0 0 0 0 0 0 0 0 0 0 0 0 
-0.0510523 -3.24713e-19 0.00746483 0.0158588 5.92418e-19 0.000226513 -0.439825 -0.99932 0.276172 -0.689677 0.105328 0.473251 0 3.55271e-15 -0.446564 0 0 0.312543 -0.151666 -0.255376 0.0139389 0 2.61766 0 2.82461 0 0 0 0 0 0 0 0 0 0 0 0 0 0 
-0.0417093 -4.4261e-19 0.00423069 0.0175747 6.7461e-19 0.00221111 -0.336583 -0.81591 0.12196 -0.643548 0.0732602 0.437323 0 3.55271e-15 -0.491894 0 0 0.281174 -0.149059 -0.241236 0.00882414 0 2.66712 0 2.85815 0 0 0 0 0 0 0 0 0 0 0 0 0 0 
-0.0362407 -4.64963e-19 0.00351482 0.0171704 6.7725e-19 0.00196042 -0.30675 -0.763254 0.0380785 -0.540924 0.0305326 0.351285 0 2.66454e-15 -0.486975 0 0 0.257128 -0.147568 -0.225299 0.00197355 0 2.7185 0 2.8999 0 0 0 0 0 0 0 0 0 0 0 0 0 0 
-0.0301954 -4.75212e-19 0.0032002 0.017341 6.96465e-19 0.0021879 -0.261972 -0.814675 -0.0134568 -0.379689 -0.0330116 0.170183 0 2.66454e-15 -0.484251 0 0 0.228965 -0.147017 -0.215373 -0.00257639 0 2.73888 0 2.92227 0 0 0 0 0 0 0 0 0 0 0 0 0 0 
-0.0180261 -6.61178e-19 -0.00149641 0.019669 7.82004e-19 0.00453487 -0.131923 -0.779113 -0.0481663 -0.324829 -0.112523 0.0690448 0 2.66454e-15 -0.47619 0 0 0.192596 -0.146832 -0.220229 -9.70232e-06 0 2.7317 0 2.87871 0 0 0 0 0 0 0 0 0 0 0 0 0 0 
-0.00888692 -8.2518e-19 -0.00573559 0.0213794 8.48206e-19 0.00635934 -0.0502332 -0.65738 -0.0518548 -0.364582 -0.138714 0.125919 0 2.66454e-15 -0.469399 0 0 0.168092 -0.145726 -0.219886 0.000648796 0 2.73124 0 2.8418 0 0 0 0 0 0 0 0 0 0 0 0 0 0 
-0.0036894 -8.67595e-19 -0.00693771 0.0227484 9.05679e-19 0.00786365 -0.0223661 -0.46955 -0.0562985 -0.31724 -0.152617 0.0647521 0 3.55271e-15 -0.460682 0 0 0.147838 -0.144413 -0.21569 -0.000465082 0 2.7396 0 2.85454 0 0 0 0 0 0 0 0 0 0 0 0 0 0 
-0.00504664 -7.73909e-19 -0.0174549 0.0234523 9.34525e-19 0.00860001 -0.00958975 -0.206563 -0.066307 -0.227006 -0.152495 -0.0347076 0 3.55271e-15 -0.454959 0 0 0.142939 -0.144098 -0.214584 -0.000781298 0 2.75641 0 2.77576 0 0 0 0 0 0 0 0 0 0 0 0 0 0 
-0.00517497 -7.29048e-19 -0.0255413 0.0238051 9.64252e-19 0.0091172 0.00330363 -0.038176 -0.0843268 -0.137469 -0.131289 0.0109155 0 3.55271e-15 -0.432131 0 0 0.137822 -0.142503 -0.200699 -0.00652796 0 2.76951 0 2.71511 0 0 0 0 0 0 0 0 0 0 0 0 0 0 
-0.000203557 -7.94039e-19 -0.0264753 0.0350226 1.00447e-18 0.00870189 0.0216226 -0.266407 -0.14824 -0.0119263 -0.0895757 0.0915184 0 -0.0838823 -0.337936 0 0 0.121808 -0.143522 -0.163754 -0.0257649 0 2.74442 0 2.68432 0 0 0 0 0 0 0 0 0 0 0 0 0 0 
0.00470253 -8.53838e-19 -0.042313 0.0480659 1.05734e-18 0.00801328 0.134808 -0.915335 -0.205332 0.148307 -0.0560298 -0.0138426 0 -0.180135 -0.280107 0 0 0.085987 -0.136332 -0.127013 -0.0478037 0 2.62675 0 2.3897 0 0 0 0 0 0 0 0 0 0 0 0 0 0 
0.00561673 -7.87068e-19 -0.0647294 0.0647295 1.03872e-18 0.00730224 0.261241 -1.2441 -0.157925 0.214472 -0.0337715 -0.0742773 0 -0.296763 -0.176298 0 0 0.0707049 -0.13237 -0.104501 -0.0621829 0 2.53433 0 2.04808 0 0 0 0 0 0 0 0 0 0 0 0 0 0 
0.00956954 -6.72397e-19 -0.0761852 0.0847162 1.00944e-18 0.0103655 0.28451 -1.23011 -0.0922535 0.311437 0.0114215 -0.046753 0 -0.391704 0.0354944 0 0 0.0701118 -0.129499 -0.0739343 -0.0804482 0 2.46111 0 1.87752 0 0 0 0 0 0 0 0 0 0 0 0 0 0 
0.0176343 -5.53637e-19 -0.0848033 0.106461 1.02553e-18 0.0150335 0.283464 -1.05393 -0.0666823 0.371973 0.0403788 -0.053933 0 -0.459762 0.273784 0 0 0.0660995 -0.125979 -0.0661057 -0.0867531 0 2.38995 0 1.75663 0 0 0 0 0 0 0 0 0 0 0 0 0 0 
0.0326924 -4.37918e-19 -0.0984453 0.143403 9.83956e-19 0.0300986 0.25219 -0.662443 0.00868993 0.39278 0.0602984 -0.00521082 0 -0.610824 0.668209 0 0 0.0649897 -0.129322 -0.0727039 -0.0846481 0 2.24583 0 1.57776 0 0 0 0 0 0 0 0 0 0 0 0 0 0 
0.0504108 -4.16661e-19 -0.108011 0.209532 8.97197e-19 0.0570143 0.295302 -0.338675 0.221559 0.45771 0.137535 0.233215 0 -0.990513 1.29992 0 0 0.0763121 -0.136997 -0.0773082 -0.0765911 0 1.93706 0 1.35618 0 0 0 0 0 0 0 0 0 0 0 0 0 0 
0.0788364 -5.51504e-19 -0.121401 0.298486 1.06479e-18 0.0997643 0.132988 -0.354283 0.516999 0.736063 0.394002 0.434463 0 -1.44064 2.17667 0 0 0.0792494 -0.117662 -0.0735795 -0.0514566 0 1.28599 0 0.88495 0 0 0 0 0 0 0 0 0 0 0 0 0 0 
0.104888 -6.94651e-19 -0.139829 0.344504 1.46348e-18 0.12976 0.0360939 -0.456031 0.776197 0.888341 0.640812 0.585177 0 -1.54447 2.71735 0 0 0.0602424 -0.0779988 -0.0671976 -0.0249003 0 0.77011 0 0.425213 0 0 0 0 0 0 0 0 0 0 0 0 0 0 
0.122649 -8.53938e-19 -0.153002 0.349711 1.75504e-18 0.153121 0.0914088 -0.4438 0.96311 0.866404 0.861602 0.778657 0 -1.43499 2.88406 0 0 0.0490263 -0.057542 -0.0590038 -0.0136546 0 0.429991 0 0.140065 0 0 0 0 0 0 0 0 0 0 0 0 0 0 
0.134858 -1.07921e-18 -0.158034 0.337667 1.83666e-18 0.175665 0.280677 -0.4462 1.10401 0.842407 1.0872 0.87447 0 -1.29019 2.86602 0 0 0.0385008 -0.0435235 -0.0655188 0.000116831 0 0.183863 0 -0.01131 0 0 0 0 0 0 0 0 0 0 0 0 0 0 
0.153268 -1.28179e-18 -0.166008 0.32698 1.93139e-18 0.193345 0.363264 -0.508893 1.20548 0.873236 1.26539 0.855349 0 -1.10475 2.90305 0 0 0.0237008 -0.0256467 -0.0834416 0.0224858 0 -0.0195822 0 -0.186857 0 0 0 0 0 0 0 0 0 0 0 0 0 0 
0.173162 -1.37691e-18 -0.180015 0.322556 2.156e-18 0.199044 0.263248 -0.573799 1.27835 0.881128 1.37609 0.902593 0 -0.906864 2.99653 0 0 0.0143582 -0.0102834 -0.0900325 0.0373037 0 -0.145138 0 -0.400862 0 0 0 0 0 0 0 0 0 0 0 0 0 0 
0.186182 -1.39701e-18 -0.20056 0.317122 2.3287e-18 0.203111 0.142235 -0.666216 1.34262 0.858856 1.46215 0.993199 0 -0.741877 3.06407 0 0 0.00959703 0.00732723 -0.0856491 0.04832 0 -0.243967 0 -0.673607 0 0 0 0 0 0 0 0 0 0 0 0 0 0 
0.188841 -1.41436e-18 -0.213009 0.311525 2.32405e-18 0.210749 0.205935 -0.719464 1.36931 0.867148 1.49324 0.964735 0 -0.684606 3.06895 0 0 0.00518918 0.0190615 -0.0876351 0.0581136 0 -0.317666 0 -0.836801 0 0 0 0 0 0 0 0 0 0 0 0 0 0 
0.192249 -1.46372e-18 -0.216048 0.310547 2.34166e-18 0.211995 0.250036 -0.715207 1.38158 0.875669 1.50458 0.942639 0 -0.659798 3.08296 0 0 0.00253208 0.0227491 -0.0891731 0.0616484 0 -0.333922 0 -0.880703 0 0 0 0 0 0 0 0 0 0 0 0 0 0 
0.199848 -1.53204e-18 -0.216779 0.311179 2.36516e-18 0.209478 0.190598 -0.694107 1.38526 0.86416 1.5162 0.969139 0 -0.624123 3.12156 0 0 -0.00178109 0.0236392 -0.0855567 0.0605078 0 -0.317639 0 -0.89262 0 0 0 0 0 0 0 0 0 0 0 0 0 0 
0.207448 -1.62322e-18 -0.22301 0.310549 2.36788e-18 0.212819 0.139751 -0.689357 1.37236 0.862565 1.50249 0.94345 0 -0.59247 3.15103 0 0 -0.0104222 0.0261269 -0.0830252 0.0611078 0 -0.342865 0 -0.970384 0 0 0 0 0 0 0 0 0 0 0 0 0 0 
0.209031 -1.71144e-18 -0.227744 0.31241 2.37862e-18 0.212809 0.123318 -0.658518 1.34929 0.873988 1.46009 0.883175 0 -0.611874 3.15113 0 0 -0.0115595 0.0231122 -0.084574 0.0596211 0 -0.338638 0 -1.02257 0 0 0 0 0 0 0 0 0 0 0 0 0 0 
0.206966 -1.6975e-18 -0.228098 0.316093 2.29953e-18 0.200307 0.0575679 -0.562317 1.30038 0.843022 1.41234 0.89028 0 -0.663478 3.15838 0 0 -0.00875971 0.0140249 -0.0903661 0.054829 0 -0.210878 0 -0.999185 0 0 0 0 0 0 0 0 0 0 0 0 0 0 
0.201982 -1.67112e-18 -0.2276 0.323621 2.21622e-18 0.19165 0.0184907 -0.402989 1.16919 0.745786 1.30527 0.89308 0 -0.764242 3.16832 0 0 -0.0090457 0.00142336 -0.0934687 0.0436346 0 -0.0947315 0 -0.94872 0 0 0 0 0 0 0 0 0 0 0 0 0 0 
0.187467 -1.70016e-18 -0.213189 0.287837 2.1493e-18 0.171284 0.0399196 0.0208159 0.922651 0.609057 1.07583 0.885606 0 -0.621457 2.67673 0 0 0.0139241 -0.0595824 -0.0928345 -0.0062082 0 0.22111 0 -0.607054 0 0 0 0 0 0 0 0 0 0 0 0 0 0 
0.153675 -1.6605e-18 -0.177474 0.226633 1.93696e-18 0.127633 0.106565 0.472516 0.642929 0.375816 0.790701 0.817633 0 -0.437709 1.88009 0 0 0.0492451 -0.125588 -0.121066 -0.0404422 0 0.882437 0 0.123919 0 0 0 0 0 0 0 0 0 0 0 0 0 0 
0.109755 -1.25498e-18 -0.150729 0.163705 1.50669e-18 0.0978742 0.141107 0.659077 0.482892 0.192616 0.589367 0.669902 0 -0.279084 1.1889 0 0 0.072024 -0.1482 -0.151623 -0.0409908 0 1.42503 0 0.708705 0 0 0 0 0 0 0 0 0 0 0 0 0 0 
0.0824505 -9.74418e-19 -0.137211 0.119375 1.42517e-18 0.104725 0.0766967 0.698958 0.426246 0.111859 0.472211 0.57841 0 -0.106692 0.719218 0 0 0.0660101 -0.143051 -0.146639 -0.0472705 0 1.49829 0 0.98395 0 0 0 0 0 0 0 0 0 0 0 0 0 0 
0.0716059 -1.02199e-18 -0.0910201 0.0677676 1.58718e-18 0.0850363 -0.122036 0.678367 0.366976 0.0454883 0.371188 0.527716 0 0.178915 0.16925 0 0 0.0347063 -0.144552 -0.155479 -0.0494718 0 1.78035 0 1.65152 0 0 0 0 0 0 0 0 0 0 0 0 0 0 
0.0504939 -6.72007e-19 -0.0560609 0.0323233 1.12845e-18 0.0401675 -0.22947 0.599541 0.360912 -0.0246154 0.331002 0.515317 0 0.271281 -0.117521 0 0 0.0189858 -0.141742 -0.203119 -0.0307009 0 2.30287 0 2.17341 0 0 0 0 0 0 0 0 0 0 0 0 0 0 
0.0313755 -3.15123e-19 -0.0514801 0.0171652 6.20243e-19 0.0223169 -0.211491 0.564945 0.351101 -0.0679833 0.298145 0.4775 0 0.223449 -0.218182 0 0 0.0274154 -0.153422 -0.229413 -0.0250192 0 2.55926 0 2.30117 0 0 0 0 0 0 0 0 0 0 0 0 0 0 
0.028975 -4.22224e-19 -0.0526008 0.016694 5.92123e-19 0.0231387 -0.15693 0.575776 0.298772 -0.114404 0.229684 0.407437 0 0.182372 -0.251077 0 0 0.0189085 -0.157475 -0.228763 -0.0336511 0 2.5727 0 2.29795 0 0 0 0 0 0 0 0 0 0 0 0 0 0 
0.0341268 -5.30964e-19 -0.0527313 0.0239487 6.50292e-19 0.0182435 -0.107403 0.597732 0.242086 -0.082148 0.169549 0.327463 0 0.159667 -0.194996 0 0 0.0172458 -0.158644 -0.237837 -0.0311141 0 2.62472 0 2.31324 0 0 0 0 0 0 0 0 0 0 0 0 0 0 
0.0350432 -4.52313e-19 -0.0505474 0.0304024 5.85189e-19 0.0184944 -0.0174219 0.628855 0.221413 -0.0360618 0.145235 0.3147 0 0.120696 -0.139509 0 0 -0.00130309 -0.147086 -0.251752 -0.0218731 0 2.65719 0 2.3536 0 0 0 0 0 0 0 0 0 0 0 0 0 0 
0.0380974 -5.91295e-19 -0.0436591 0.0406935 6.45926e-19 0.0235511 0.0633469 0.618229 0.187708 -0.0747552 0.104143 0.297631 0 0.0506968 -0.0894036 0 0 -0.00869383 -0.144724 -0.247071 -0.0255466 0 2.61682 0 2.4214 0 0 0 0 0 0 0 0 0 0 0 0 0 0 
0.045698 -7.86514e-19 -0.0442797 0.0520993 7.54508e-19 0.025679 0.0462911 0.624257 0.129613 -0.0975496 0.0490011 0.250944 0 0.00349346 0.00769818 0 0 -0.00863732 -0.144179 -0.232385 -0.0323169 0 2.58324 0 2.39891 0 0 0 0 0 0 0 0 0 0 0 0 0 0 
0.0522917 -8.74377e-19 -0.0544813 0.0578087 8.44207e-19 0.0383497 0.0513333 0.662902 0.0769374 -0.0526269 -0.00878544 0.172739 0 0.00538322 0.0626038 0 0 -0.0254701 -0.138046 -0.229694 -0.0359464 0 2.47065 0 2.26985 0 0 0 0 0 0 0 0 0 0 0 0 0 0 
0.053245 -9.51518e-19 -0.0635885 0.0661788 9.76319e-19 0.0539246 0.121685 0.676788 0.0340651 -0.102203 -0.0444393 0.172699 0 -0.0421551 0.0828345 0 0 -0.0433325 -0.135693 -0.233031 -0.0408558 0 2.31791 0 2.14696 0 0 0 0 0 0 0 0 0 0 0 0 0 0 
0.0507156 -8.97039e-19 -0.0730671 0.0810466 1.06289e-18 0.0597758 0.138226 0.635517 -0.0038281 -0.135675 -0.0630675 0.157488 0 -0.145961 0.175689 0 0 -0.0334112 -0.143848 -0.210991 -0.0550695 0 2.23283 0 2.03309 0 0 0 0 0 0 0 0 0 0 0 0 0 0 
0.0460585 -6.80635e-19 -0.0895266 0.0894743 1.08036e-18 0.0678483 0.0764901 0.577465 -0.0225574 -0.00994821 -0.0754683 0.0611781 0 -0.19982 0.240594 0 0 -0.0143063 -0.150921 -0.186085 -0.0650435 0 2.1453 0 1.85798 0 0 0 0 0 0 0 0 0 0 0 0 0 0 
0.0555323 -6.45078e-19 -0.109168 0.102721 1.40094e-18 0.0994189 0.00564364 0.536174 -0.0551745 0.0516931 -0.0938514 0.0306358 0 -0.149308 0.158176 0 0 -0.0441767 -0.0917498 -0.267091 0.0196956 0 1.81066 0 1.59425 0 0 0 0 0 0 0 0 0 0 0 0 0 0 
0.104831 -9.79833e-19 -0.129095 0.166582 2.04652e-18 0.13432 -0.0183578 0.555755 -0.0954146 -0.0593231 -0.123099 0.0676391 0 -0.18369 0.258919 0 0 -0.0785894 0.154202 -0.360247 0.295018 0 1.2998 0 1.20438 0 0 0 0 0 0 0 0 0 0 0 0 0 0 
0.179091 -1.48049e-18 -0.156772 0.252205 2.67244e-18 0.167469 -0.0818726 0.46868 -0.0766284 -0.0455236 -0.117373 -0.0130504 0 -0.244181 0.491856 0 0 -0.0854472 0.575104 -0.364187 0.714463 0 0.702484 0 0.607063 0 0 0 0 0 0 0 0 0 0 0 0 0 0 
0.234933 -1.89667e-18 -0.176091 0.30104 2.98127e-18 0.19361 -0.160535 0.277879 -0.0133636 0.069668 -0.0738914 -0.127556 0 -0.222805 0.617285 0 0 -0.0803035 0.930889 -0.319161 1.05031 0 0.267158 0 0.146659 0 0 0 0 0 0 0 0 0 0 0 0 0 0 
0.265654 -2.17947e-18 -0.186155 0.32568 3.18505e-18 0.212389 -0.16975 0.185961 0.0322669 0.0589843 -0.035302 -0.106589 0 -0.205122 0.738559 0 0 -0.0748714 1.11104 -0.294087 1.22352 0 -0.00565619 0 -0.108995 0 0 0 0 0 0 0 0 0 0 0 0 0 0 
0.285306 -2.47308e-18 -0.19521 0.347937 3.53945e-18 0.221995 -0.168008 0.147981 0.048848 0.0504845 -0.0235943 -0.0935884 0 -0.224188 0.893107 0 0 -0.0673944 1.17072 -0.287507 1.28823 0 -0.198358 0 -0.295363 0 0 0 0 0 0 0 0 0 0 0 0 0 0 
0.301506 -2.9624e-18 -0.196673 0.377662 4.13477e-18 0.222285 -0.211305 0.143283 0.0559733 0.0813732 -0.0315517 -0.125686 0 -0.287609 1.08347 0 0 -0.071788 1.14477 -0.282607 1.25047 0 -0.347221 0 -0.379007 0 0 0 0 0 0 0 0 0 0 0 0 0 0 
0.319322 -3.39583e-18 -0.188184 0.397723 4.64098e-18 0.222946 -0.276921 0.0563582 0.0611596 0.0951362 -0.0413047 -0.189081 0 -0.292857 1.2463 0 0 -0.0785961 1.12468 -0.277562 1.22416 0 -0.482622 0 -0.359319 0 0 0 0 0 0 0 0 0 0 0 0 0 0 
0.331757 -3.73469e-18 -0.182943 0.418227 5.0672e-18 0.221289 -0.26963 -0.03227 0.0688874 0.00154814 -0.0489984 -0.194113 0 -0.326681 1.44574 0 0 -0.0592901 1.10293 -0.256889 1.19803 0 -0.587603 0 -0.3697 0 0 0 0 0 0 0 0 0 0 0 0 0 0 
0.336545 -3.90336e-18 -0.181977 0.421619 5.23297e-18 0.217382 -0.294868 -0.0305764 0.0677668 -0.0130501 -0.0589973 -0.22105 0 -0.315276 1.4845 0 0 -0.0369054 1.10188 -0.237631 1.19815 0 -0.590605 0 -0.37643 0 0 0 0 0 0 0 0 0 0 0 0 0 0 
0.335846 -3.98331e-18 -0.186615 0.412579 5.19847e-18 0.219417 -0.337732 0.0117898 0.0573566 0.0103423 -0.0657118 -0.229715 0 -0.284862 1.38106 0 0 -0.0260971 1.11195 -0.230425 1.21411 0 -0.579708 0 -0.417372 0 0 0 0 0 0 0 0 0 0 0 0 0 0 
0.332623 -4.07602e-18 -0.195394 0.41124 5.1859e-18 0.224731 -0.325375 0.0373522 0.0580144 0.0197457 -0.0576748 -0.205455 0 -0.316609 1.35024 0 0 -0.0101833 1.11234 -0.219461 1.21698 0 -0.613166 0 -0.521208 0 0 0 0 0 0 0 0 0 0 0 0 0 0 
0.328387 -4.09615e-18 -0.198095 0.41218 5.1908e-18 0.223993 -0.360622 0.0637741 0.0685127 0.0570907 -0.0455376 -0.192418 0 -0.356275 1.32745 0 0 0.00275852 1.11674 -0.209665 1.22295 0 -0.599704 0 -0.545216 0 0 0 0 0 0 0 0 0 0 0 0 0 0 
0.323364 -3.9985e-18 -0.201167 0.402001 5.13681e-18 0.22592 -0.428072 0.0901288 0.0730117 0.0528181 -0.0252382 -0.125296 0 -0.307677 1.20434 0 0 -0.000671916 1.12484 -0.225448 1.23722 0 -0.588878 0 -0.556109 0 0 0 0 0 0 0 0 0 0 0 0 0 0 
0.320486 -3.93131e-18 -0.213448 0.392685 5.07224e-18 0.231211 -0.397734 0.107917 0.0757896 0.0477296 0.023891 -0.0296862 0 -0.257497 1.1354 0 0 -0.00575459 1.12259 -0.247481 1.244 0 -0.617186 0 -0.690186 0 0 0 0 0 0 0 0 0 0 0 0 0 0 
0.316462 -3.88764e-18 -0.222685 0.391349 4.99483e-18 0.229169 -0.31323 0.104556 0.0724517 0.0621793 0.0552472 -0.00951701 0 -0.28732 1.14935 0 0 0.00735801 1.12014 -0.246087 1.25022 0 -0.591213 0 -0.79584 0 0 0 0 0 0 0 0 0 0 0 0 0 0 
0.312857 -3.86277e-18 -0.222256 0.393548 4.9912e-18 0.225197 -0.31347 0.110857 0.0707961 0.0746817 0.0334684 -0.0602107 0 -0.330278 1.1608 0 0 0.0212009 1.12545 -0.231459 1.2569 0 -0.555193 0 -0.786136 0 0 0 0 0 0 0 0 0 0 0 0 0 0 
0.313354 -3.90376e-18 -0.220483 0.394753 5.06171e-18 0.227793 -0.349175 0.121672 0.0740359 0.0730844 0.00518934 -0.0736269 0 -0.332501 1.14104 0 0 0.00179217 1.13361 -0.230935 1.25409 0 -0.58679 0 -0.77616 0 0 0 0 0 0 0 0 0 0 0 0 0 0 
0.310025 -3.85239e-18 -0.223964 0.388086 4.94721e-18 0.229327 -0.315118 0.0896416 0.0622407 0.0633839 0.0196391 -0.0268964 0 -0.313272 1.07436 0 0 -0.00233028 1.13214 -0.224709 1.24382 0 -0.578492 0 -0.805006 0 0 0 0 0 0 0 0 0 0 0 0 0 0 
0.308082 -3.72165e-18 -0.219315 0.382445 4.73615e-18 0.221318 -0.258481 0.104341 0.0490003 0.0641941 0.0223404 -0.0170428 0 -0.311319 1.08281 0 0 0.0117487 1.14183 -0.212845 1.25893 0 -0.466028 0 -0.729688 0 0 0 0 0 0 0 0 0 0 0 0 0 0 
0.314049 -3.5554e-18 -0.195438 0.385902 4.47897e-18 0.195447 -0.188398 0.208696 0.0365017 0.088056 -0.0168899 -0.0243613 0 -0.31073 1.13972 0 0 -0.0356419 1.19016 -0.247056 1.29977 0 -0.189531 0 -0.438506 0 0 0 0 0 0 0 0 0 0 0 0 0 0 
0.30581 -2.94677e-18 -0.151147 0.370927 3.75859e-18 0.144199 -0.125733 0.34617 0.00542273 0.0913979 -0.0560779 -0.0116469 0 -0.274565 1.06881 0 0 -0.0780219 1.26163 -0.280753 1.36299 0 0.407016 0 0.169884 0 0 0 0 0 0 0 0 0 0 0 0 0 0 
0.188076 -1.71786e-18 -0.105929 0.245118 2.59372e-18 0.0786392 -0.114487 0.635581 -0.125397 0.100065 -0.164044 0.00905289 0 -0.194015 0.586922 0 0 -0.0143484 0.671721 -0.257363 0.793218 0 1.49145 0 1.22517 0 0 0 0 0 0 0 0 0 0 0 0 0 0 
0.0697747 -6.63168e-19 -0.0727729 0.11622 1.55515e-18 0.0301209 -0.118613 0.665558 -0.148473 0.070063 -0.187934 -0.0111179 0 -0.101717 0.140674 0 0 0.0772219 0.120962 -0.184382 0.248715 0 2.35983 0 2.06432 0 0 0 0 0 0 0 0 0 0 0 0 0 0 
0.0263502 -4.21685e-19 -0.0397007 0.0674085 1.07453e-18 0.00857842 -0.020552 0.644765 -0.125611 0.0592321 -0.169399 -0.00705589 0 -0.105448 0.0936791 0 0 0.0891286 -0.106805 -0.132713 -0.00324321 0 2.71793 0 2.56705 0 0 0 0 0 0 0 0 0 0 0 0 0 0 
0.0268834 -5.3545e-19 -0.0260879 0.0612671 1.01866e-18 0.00709188 0.0158398 0.605186 -0.139092 0.00278572 -0.15263 0.0326913 0 -0.106122 0.126694 0 0 0.0785284 -0.145414 -0.11502 -0.0515506 0 2.75429 0 2.72132 0 0 0 0 0 0 0 0 0 0 0 0 0 0 
0.029405 -6.40491e-19 -0.0332744 0.0609106 1.09171e-18 0.00882566 -0.00978307 0.596415 -0.140619 -0.0513966 -0.142442 0.0656399 0 -0.0866014 0.106304 0 0 0.0715305 -0.140555 -0.117304 -0.0512927 0 2.7191 0 2.61863 0 0 0 0 0 0 0 0 0 0 0 0 0 0 
0.0324739 -7.29385e-19 -0.0519801 0.0692997 1.15893e-18 0.0110337 0.00360937 0.623301 -0.130936 -0.0276629 -0.146312 0.0559193 0 -0.114995 0.139727 0 0 0.0487011 -0.129771 -0.153588 -0.0381497 0 2.66584 0 2.3649 0 0 0 0 0 0 0 0 0 0 0 0 0 0 
0.0333366 -7.00564e-19 -0.0634901 0.0757627 1.13918e-18 0.0112095 0.0384958 0.640715 -0.134065 0.0569966 -0.167344 0.00113144 0 -0.148575 0.200104 0 0 0.0530458 -0.134462 -0.174735 -0.0297507 0 2.66126 0 2.23751 0 0 0 0 0 0 0 0 0 0 0 0 0 0 
0.0319654 -6.18987e-19 -0.0554383 0.0753008 1.07128e-18 0.0089912 0.0407334 0.673292 -0.142288 0.057239 -0.165463 -0.025537 0 -0.156942 0.25552 0 0 0.0866978 -0.147088 -0.141272 -0.0405615 0 2.70047 0 2.36015 0 0 0 0 0 0 0 0 0 0 0 0 0 0 
0.0226395 -5.90525e-19 -0.0342556 0.0613487 9.71824e-19 0.00524726 0.0064728 0.626706 -0.128972 -0.0053597 -0.148072 0.0209721 0 -0.124126 0.122943 0 0 0.103391 -0.144762 -0.0926792 -0.0622317 0 2.7726 0 2.62643 0 0 0 0 0 0 0 0 0 0 0 0 0 0 
0.00154966 -4.27378e-19 -0.0204412 0.0501237 8.47368e-19 0.00163192 0.0418642 0.530126 -0.124039 -0.0551162 -0.144411 0.0344293 0 -0.135552 -0.0164438 0 0 0.142252 -0.141768 -0.0650929 -0.0737795 0 2.83993 0 2.81288 0 0 0 0 0 0 0 0 0 0 0 0 0 0 
-0.0226378 -8.26729e-20 0.0028446 0.0451655 6.35056e-19 -0.00411146 0.0706891 0.55786 -0.128055 -0.06145 -0.142107 0.0297157 0 -0.182976 -0.0466932 0 0 0.190128 -0.140521 -0.0477462 -0.0815174 0 2.93226 0 3.11218 0 0 0 0 0 0 0 0 0 0 0 0 0 0 
-0.0543443 3.69484e-19 0.0235915 0.0364792 2.99352e-19 -0.0130897 0.0036761 0.554359 -0.135005 -0.067607 -0.122032 0.04119 0 -0.238041 -0.0898537 0 0 0.254063 -0.13872 -0.0240906 -0.0919947 0 3.0552 0 3.37874 0 0 0 0 0 0 0 0 0 0 0 0 0 0 
-0.0807042 7.43069e-19 0.032708 0.0337014 -3.91223e-20 -0.0203642 -0.054246 0.444042 -0.166265 -0.0936901 -0.129111 0.0288466 0 -0.291411 -0.0812976 0 0 0.323482 -0.136001 -0.0479213 -0.0780402 0 3.15194 0 3.48921 0 0 0 0 0 0 0 0 0 0 0 0 0 0 
-0.0964956 7.21497e-19 0.0317585 0.0334067 -1.68807e-19 -0.0213676 -0.1103 0.529699 -0.159182 -0.0780259 -0.133763 0.00930136 0 -0.299529 -0.0368403 0 0 0.402048 -0.132053 -0.0958915 -0.0510939 0 3.14848 0 3.43301 0 0 0 0 0 0 0 0 0 0 0 0 0 0 
-0.12468 7.29887e-19 0.0321278 0.0191038 -5.89997e-19 -0.0326868 -0.0673813 -0.0935634 -0.0131637 0.0644086 -0.117482 0.12907 0 -0.276667 -0.0691244 0 0 0.537985 -0.133588 -0.0816962 -0.0593431 0 3.1575 0 3.29035 0 0 0 0 0 0 0 0 0 0 0 0 0 0 
-0.1327 6.19036e-19 0.0272484 0.0127026 -6.19036e-19 0.00607562 0.00761931 -1.80116 -0.136402 -0.011166 -0.125437 0.0243936 0 -0.248755 0.078857 0 0 0.587022 -0.1133 0.00214373 -0.0860467 0 2.41176 0 2.75937 0 0 0 0 0 0 0 0 0 0 0 0 0 0 
-0.104546 1.2691e-20 -0.0251006 0.0069065 -1.2691e-20 0.116203 -0.00360087 -3.75606 -0.0037142 -0.019811 -0.00348419 -0.0352412 0 -0.0883682 0.32169 0 0 0.505923 -0.00232279 0.024247 -0.00232279 0 1.00671 0 1.57859 0 0 0 0 0 0 0 0 0 0 0 0 0 0 
-0.0910893 -3.43059e-19 -0.0724571 0.00571987 3.43059e-19 0.177372 -0.0173478 -4.59864 0.100401 -0.0784175 0.0941831 -0.0982896 0 -0.0466996 0.520518 0 0 0.47319 0.0627888 0.0347801 0.0627888 0 0.338972 0 0.830924 0 0 0 0 0 0 0 0 0 0 0 0 0 0 
-0.0872622 -4.3536e-19 -0.082982 0.0137967 4.3536e-19 0.193668 -0.00335192 -4.77069 0.127414 -0.107454 0.119523 -0.116681 0 -0.0817229 0.631065 0 0 0.463069 0.0796822 0.0273949 0.0796822 0 0.169545 0 0.66309 0 0 0 0 0 0 0 0 0 0 0 0 0 0 
-0.0845619 -4.97996e-19 -0.0946361 0.0267287 4.97996e-19 0.20469 0.0355102 -4.86643 0.145745 -0.133325 0.13672 -0.115123 0 -0.139178 0.733232 0 0 0.4557 0.0911463 0.0086967 0.0911463 0 0.0564558 0 0.501565 0 0 0 0 0 0 0 0 0 0 0 0 0 0 
-0.081374 -5.60745e-19 -0.110191 0.0379691 5.60745e-19 0.215409 0.0548373 -4.94509 0.164109 -0.157863 0.153946 -0.111159 0 -0.206854 0.840706 0 0 0.445976 0.102631 0.00502824 0.102631 0 -0.0532328 0 0.298657 0 0 0 0 0 0 0 0 0 0 0 0 0 0 
-0.0804974 -5.52791e-19 -0.112772 0.0431179 5.52791e-19 0.211598 0.0641481 -4.92831 0.161781 -0.161176 0.151763 -0.10991 0 -0.246451 0.879764 0 0 0.440997 0.101175 0.00572179 0.101175 0 -0.0262277 0 0.269941 0 0 0 0 0 0 0 0 0 0 0 0 0 0 
-0.0802168 -5.37849e-19 -0.114366 0.0462617 5.37849e-19 0.209153 0.0857841 -4.9038 0.157409 -0.167816 0.147661 -0.110637 0 -0.253294 0.879284 0 0 0.43827 0.0984405 -0.00633479 0.0984405 0 -0.00203131 0 0.259293 0 0 0 0 0 0 0 0 0 0 0 0 0 0 
-0.079418 -5.22114e-19 -0.115203 0.0479309 5.22114e-19 0.206962 0.108651 -4.88497 0.152803 -0.190295 0.143341 -0.1029 0 -0.251959 0.86917 0 0 0.432956 0.0955604 -0.0167621 0.0955604 0 0.0231197 0 0.25972 0 0 0 0 0 0 0 0 0 0 0 0 0 0 
-0.0776566 -5.02966e-19 -0.114351 0.0507708 5.02966e-19 0.200891 0.168333 -4.8456 0.1472 -0.205125 0.138084 -0.0717443 0 -0.27997 0.880288 0 0 0.422662 0.0920559 -0.0136166 0.0920559 0 0.0755965 0 0.277762 0 0 0 0 0 0 0 0 0 0 0 0 0 0 
-0.0743885 -4.93473e-19 -0.117527 0.0520095 4.93473e-19 0.200154 0.267996 -4.79003 0.144422 -0.18636 0.135478 -0.0321087 0 -0.285231 0.882001 0 0 0.414255 0.0903185 -0.00867278 0.0903185 0 0.0840556 0 0.246413 0 0 0 0 0 0 0 0 0 0 0 0 0 0 
-0.056882 -4.43964e-19 -0.11982 0.04644 4.43964e-19 0.201721 0.307073 -4.69375 0.129932 -0.142302 0.121885 -0.0236427 0 -0.0956868 0.912124 0 0 0.417511 0.081257 -0.0198388 0.081257 0 0.0883227 0 0.238183 0 0 0 0 0 0 0 0 0 0 0 0 0 0 
-0.046826 -4.03189e-19 -0.119088 0.044489 4.03189e-19 0.201009 0.279146 -4.6131 0.117999 -0.125232 0.110691 -0.0309633 0 0.0132257 0.934711 0 0 0.420298 0.0737941 -0.0314145 0.0737941 0 0.109787 0 0.263392 0 0 0 0 0 0 0 0 0 0 0 0 0 0 
-0.0430686 -4.09531e-19 -0.119637 0.0498016 4.09531e-19 0.205422 0.273511 -4.59231 0.119855 -0.134129 0.112432 -0.0221668 0 -0.0159935 0.979786 0 0 0.406721 0.0749549 -0.0330586 0.0749549 0 0.0734688 0 0.253048 0 0 0 0 0 0 0 0 0 0 0 0 0 0 
-0.0471862 -3.75989e-19 -0.11145 0.0497891 3.75989e-19 0.199621 0.284286 -4.54078 0.110038 -0.154717 0.103224 -0.0144591 0 -0.0643307 0.920304 0 0 0.393063 0.0688159 -0.0344079 0.0688159 0 0.138742 0 0.366236 0 0 0 0 0 0 0 0 0 0 0 0 0 0 
-0.0634685 -1.69342e-19 -0.0782406 0.0290413 1.69342e-19 0.167487 0.271749 -4.15251 0.0495602 -0.160327 0.0464911 -0.0264025 0 -0.0310871 0.633483 0 0 0.409605 0.030994 -0.0327489 0.03962 0 0.505309 0 0.863592 0 0 0 0 0 0 0 0 0 0 0 0 0 0 
-0.0889613 2.65172e-19 -0.0215163 -0.00289008 -2.65172e-19 0.113441 0.24498 -3.20622 -0.0776061 -0.125087 -0.0728001 -0.0257404 0 0.0498877 0.161761 0 0 0.454197 -0.0485334 -0.100576 0.0138879 0 1.25617 0 1.83412 0 0 0 0 0 0 0 0 0 0 0 0 0 0 
-0.0895585 5.98754e-19 0.0263556 -0.0135123 -5.98754e-19 0.0620888 0.209419 -1.98128 -0.175233 -0.0690036 -0.164381 -0.005625 0 0.0371323 -0.14197 0 0 0.404378 -0.109588 -0.20944 0.0225294 0 2.11654 0 2.83006 0 0 0 0 0 0 0 0 0 0 0 0 0 0 
-0.0736962 6.97233e-19 0.0306904 -0.0150412 -6.97233e-19 0.0358166 0.172451 -1.28425 -0.204054 -0.0293965 -0.191418 0.00891836 0 0.0597947 -0.216988 0 0 0.33354 -0.127612 -0.264071 0.0363267 0 2.56161 0 3.12398 0 0 0 0 0 0 0 0 0 0 0 0 0 0 
-0.0603807 7.19932e-19 0.0316896 -0.0149506 -6.98511e-19 0.0178974 0.133828 -0.789623 -0.210698 0.00736654 -0.197649 0.0157368 0 0.0947832 -0.230608 0 0 0.290201 -0.131766 -0.273877 0.0381135 0 2.84592 0 3.29146 0 0 0 0 0 0 0 0 0 0 0 0 0 0 
-0.0531555 7.17155e-19 0.0315674 -0.00608784 -3.08614e-19 0.0164069 0.0973501 -0.425411 -0.209885 0.0394632 -0.196887 0.0454366 0 0.0907417 -0.274768 0 0 0.252717 -0.131258 -0.245631 0.0243717 0 2.89597 0 3.4044 0 0 0 0 0 0 0 0 0 0 0 0 0 0 
-0.0500884 5.99795e-19 0.0283705 0.000790056 2.18319e-21 0.0166036 0.0910714 -0.19333 -0.213709 0.0406864 -0.1857 0.0646506 0 0.0318816 -0.343524 0 0 0.212527 -0.128882 -0.214721 0.0106986 0 2.91261 0 3.43705 0 0 0 0 0 0 0 0 0 0 0 0 0 0 
-0.040381 3.22784e-19 0.0212612 0.00576804 1.96267e-19 0.0134834 0.0667199 -0.0273484 -0.228415 0.0360229 -0.166735 0.0500833 0 0.0312824 -0.336261 0 0 0.19861 -0.127508 -0.21546 0.012099 0 2.93512 0 3.36857 0 0 0 0 0 0 0 0 0 0 0 0 0 0 
-0.0258217 2.04055e-19 0.00984726 0.016499 4.57465e-19 0.019159 0.0183845 0.0945601 -0.235445 0.0431475 -0.166025 0.0474132 0 0.0880619 -0.245321 0 0 0.196192 -0.129547 -0.246458 0.0260688 0 2.84922 0 3.2328 0 0 0 0 0 0 0 0 0 0 0 0 0 0 
-0.0191131 1.57683e-19 0.00364454 0.02954 6.56906e-19 0.024797 0.00857216 0.0877987 -0.224657 0.049947 -0.185024 0.0556059 0 0.0512404 -0.189841 0 0 0.180533 -0.132197 -0.272015 0.0368597 0 2.76695 0 3.15373 0 0 0 0 0 0 0 0 0 0 0 0 0 0 
-0.0219673 1.29747e-19 0.00222691 0.0303178 7.20759e-19 0.0269328 0.00788905 0.0797892 -0.213521 0.0583126 -0.19161 0.0401687 0 0.0270203 -0.239819 0 0 0.174327 -0.130728 -0.288123 0.0460152 0 2.74998 0 3.14274 0 0 0 0 0 0 0 0 0 0 0 0 0 0 
-0.0251076 1.37445e-19 -0.00507283 0.0309984 6.63944e-19 0.0342654 0.00692389 0.109553 -0.22403 0.0639367 -0.185547 0.0525461 0 -0.00552223 -0.274942 0 0 0.17923 -0.117453 -0.279293 0.0552343 0 2.70064 0 3.0595 0 0 0 0 0 0 0 0 0 0 0 0 0 0 
-0.00951377 9.17318e-20 -0.0136505 0.0376881 6.8582e-19 0.0478924 -0.02548 0.15119 -0.238009 0.0525066 -0.18341 0.075814 0 0.0296472 -0.269094 0 0 0.167332 -0.0694362 -0.259208 0.0941637 0 2.57451 0 2.94384 0 0 0 0 0 0 0 0 0 0 0 0 0 0 
0.0227408 -1.91923e-20 -0.021293 0.0568144 8.28317e-19 0.0526438 -0.0277029 0.175653 -0.242166 0.0742992 -0.195166 0.0742992 0 0.0871288 -0.132103 0 0 0.138764 0.00664582 -0.268184 0.176018 0 2.48441 0 2.8223 0 0 0 0 0 0 0 0 0 0 0 0 0 0 
0.0828498 -2.94991e-19 -0.0558047 0.118761 1.19376e-18 0.0574056 0.0617422 0.156578 -0.254302 0.0978627 -0.198341 0.0978627 0 0.0543847 0.0787864 0 0 0.11514 0.249795 -0.279187 0.425903 0 2.26071 0 2.29928 0 0 0 0 0 0 0 0 0 0 0 0 0 0 
0.144574 -7.60932e-19 -0.103731 0.181349 1.65455e-18 0.084998 0.109 0.187248 -0.251803 0.0943812 -0.166039 0.0943812 0 0.0159554 0.257464 0 0 0.0944439 0.556135 -0.25047 0.715078 0 1.77366 0 1.52972 0 0 0 0 0 0 0 0 0 0 0 0 0 0 
0.200304 -1.29086e-18 -0.14121 0.225219 2.01614e-18 0.118928 0.115648 0.170362 -0.220042 0.0791782 -0.130494 0.0791782 0 0.0241853 0.42052 0 0 0.0621679 0.807616 -0.229814 0.953703 0 1.27438 0 0.876226 0 0 0 0 0 0 0 0 0 0 0 0 0 0 
0.239956 -1.65095e-18 -0.160214 0.256127 2.18792e-18 0.137954 0.0985913 0.106493 -0.18926 0.0670625 -0.107638 0.0670625 0 0.0153533 0.595289 0 0 0.0148829 0.988907 -0.240111 1.128 0 0.973944 0 0.47593 0 0 0 0 0 0 0 0 0 0 0 0 0 0 
0.267988 -1.98878e-18 -0.172166 0.289093 2.47104e-18 0.146053 0.0514973 0.09 -0.171807 0.0548174 -0.0708797 0.0548174 0 -0.0498313 0.724774 0 0 -0.0322424 1.14686 -0.240929 1.26588 0 0.770886 0 0.193366 0 0 0 0 0 0 0 0 0 0 0 0 0 0 
0.287795 -2.41316e-18 -0.171148 0.309428 2.90589e-18 0.149764 -0.0015716 0.0813663 -0.14198 0.0351318 -0.0603034 0.0456913 0 -0.0483054 0.629193 0 0 -0.0701277 1.30364 -0.234479 1.39468 0 0.597257 0 0.0792404 0 0 0 0 0 0 0 0 0 0 0 0 0 0 
0.283237 -2.87635e-18 -0.156745 0.319006 3.35475e-18 0.143813 0.0524096 0.0436474 -0.0515853 0.118221 -0.0954748 0.0363892 0 -0.135414 0.446544 0 0 -0.0991319 1.32483 -0.256672 1.40443 0 0.555662 0 0.179037 0 0 0 0 0 0 0 0 0 0 0 0 0 0 
0.284054 -3.04205e-18 -0.148455 0.330742 3.63799e-18 0.137292 0.0134767 0.113825 0.0206035 0.14415 -0.062582 0.0371542 0 -0.191155 0.519273 0 0 -0.123159 1.32664 -0.281161 1.40563 0 0.53508 0 0.224533 0 0 0 0 0 0 0 0 0 0 0 0 0 0 
0.287524 -3.17131e-18 -0.148279 0.330952 3.93835e-18 0.138886 -0.101576 0.163485 0.0463069 0.117858 -0.0115766 0.035466 0 -0.13929 0.525067 0 0 -0.145958 1.32421 -0.291291 1.39687 0 0.452599 0 0.189947 0 0 0 0 0 0 0 0 0 0 0 0 0 0 
0.278307 -3.34994e-18 -0.149328 0.325786 4.125e-18 0.142869 -0.105132 0.123601 0.0881435 0.0889505 0.0207432 0.00690511 0 -0.167676 0.371365 0 0 -0.158494 1.31191 -0.302302 1.38381 0 0.372794 0 0.149697 0 0 0 0 0 0 0 0 0 0 0 0 0 0 
0.274241 -3.47018e-18 -0.148025 0.326967 4.22031e-18 0.146249 -0.0799622 0.115479 0.116097 0.0570852 0.0362176 0.00764197 0 -0.208162 0.339295 0 0 -0.149236 1.29754 -0.302079 1.37395 0 0.318112 0 0.147754 0 0 0 0 0 0 0 0 0 0 0 0 0 0 
0.274417 -3.49126e-18 -0.148638 0.33239 4.29193e-18 0.153259 -0.0650657 0.113839 0.117249 0.049743 0.0344674 0.012068 0 -0.239519 0.399366 0 0 -0.133066 1.28807 -0.27622 1.35964 0 0.242076 0 0.132967 0 0 0 0 0 0 0 0 0 0 0 0 0 0 
0.273076 -3.45919e-18 -0.150336 0.333518 4.30415e-18 0.165457 -0.0931885 0.0769035 0.115202 0.0748479 0.0163709 -0.020358 0 -0.253061 0.433412 0 0 -0.119394 1.28087 -0.247799 1.34506 0 0.14027 0 0.110416 0 0 0 0 0 0 0 0 0 0 0 0 0 0 
0.272656 -3.49105e-18 -0.150683 0.33405 4.30534e-18 0.165885 -0.0976554 0.0650965 0.1104 0.074696 0.0017358 -0.0404403 0 -0.264728 0.424294 0 0 -0.122023 1.2855 -0.253909 1.35144 0 0.141747 0 0.103804 0 0 0 0 0 0 0 0 0 0 0 0 0 0 
0.276752 -3.54204e-18 -0.152668 0.339413 4.31903e-18 0.160803 -0.0739164 0.081379 0.0941198 0.0627258 -0.00910485 -0.03758 0 -0.281919 0.475418 0 0 -0.127209 1.2931 -0.256228 1.35778 0 0.181691 0 0.076463 0 0 0 0 0 0 0 0 0 0 0 0 0 0 
0.281391 -3.50638e-18 -0.157482 0.346695 4.26327e-18 0.164343 -0.0762854 0.0844953 0.0794476 0.0640291 -0.0181713 -0.0360178 0 -0.307001 0.588904 0 0 -0.123864 1.2861 -0.242501 1.34541 0 0.155615 0 0.0203452 0 0 0 0 0 0 0 0 0 0 0 0 0 0 
0.284096 -3.4479e-18 -0.164706 0.352923 4.21736e-18 0.174673 -0.0930049 0.0896766 0.0649612 0.051616 -0.029072 -0.0374089 0 -0.330612 0.698003 0 0 -0.109362 1.27002 -0.226877 1.32877 0 0.0736428 0 -0.0594875 0 0 0 0 0 0 0 0 0 0 0 0 0 0 
0.289168 -3.49825e-18 -0.173499 0.357705 4.31261e-18 0.179291 -0.0776781 0.143653 0.0447636 0.00898399 -0.0467374 -0.0199774 0 -0.32072 0.766693 0 0 -0.0931714 1.25824 -0.222177 1.32406 0 0.0185395 0 -0.15683 0 0 0 0 0 0 0 0 0 0 0 0 0 0 
0.297206 -3.62163e-18 -0.178349 0.359147 4.44846e-18 0.180247 -0.0504015 0.200157 0.0361182 -0.0258747 -0.0633543 0.00851032 0 -0.265479 0.796307 0 0 -0.0792436 1.25118 -0.214881 1.31899 0 -0.0139645 0 -0.213945 0 0 0 0 0 0 0 0 0 0 0 0 0 0 
0.301264 -3.66458e-18 -0.178542 0.361341 4.44041e-18 0.187163 -0.0572566 0.203102 0.0347711 -0.0104523 -0.0660336 0.00359965 0 -0.264726 0.842121 0 0 -0.087076 1.24956 -0.208798 1.31041 0 -0.0729103 0 -0.232784 0 0 0 0 0 0 0 0 0 0 0 0 0 0 
0.307381 -3.71001e-18 -0.183099 0.366226 4.49109e-18 0.194609 -0.0706504 0.18365 0.019206 0.00684188 -0.0586576 -0.00392745 0 -0.256719 0.917294 0 0 -0.0980513 1.24501 -0.212116 1.30203 0 -0.151533 0 -0.307734 0 0 0 0 0 0 0 0 0 0 0 0 0 0 
0.310976 -3.77923e-18 -0.187398 0.372697 4.57013e-18 0.195925 -0.0527781 0.1398 0.0158045 0.0225777 -0.0572878 -0.00625789 0 -0.274013 0.97105 0 0 -0.0979085 1.23717 -0.21931 1.29787 0 -0.187333 0 -0.37368 0 0 0 0 0 0 0 0 0 0 0 0 0 0 
0.313553 -3.82065e-18 -0.187968 0.377921 4.50436e-18 0.195896 -0.05026 0.121136 0.020126 0.0412402 -0.066644 -0.0128423 0 -0.313752 1.03505 0 0 -0.1069 1.23671 -0.224886 1.2957 0 -0.182467 0 -0.396145 0 0 0 0 0 0 0 0 0 0 0 0 0 0 
0.317843 -3.81714e-18 -0.195803 0.374523 4.36872e-18 0.198743 -0.108653 0.130889 0.000927675 0.0390471 -0.072134 -0.00707492 0 -0.293852 1.08787 0 0 -0.119075 1.23535 -0.231895 1.29598 0 -0.187179 0 -0.498615 0 0 0 0 0 0 0 0 0 0 0 0 0 0 
0.320716 -3.76453e-18 -0.208785 0.365136 4.32836e-18 0.198482 -0.0996971 0.144502 -0.0261811 0.0189134 -0.0542499 0.034493 0 -0.19928 1.0713 0 0 -0.0972567 1.22096 -0.241598 1.29926 0 -0.180401 0 -0.630064 0 0 0 0 0 0 0 0 0 0 0 0 0 0 
0.319894 -3.71763e-18 -0.203198 0.364908 4.30802e-18 0.193198 -0.0574715 0.168126 -0.0240454 0.0312916 -0.0539047 0.0529081 0 -0.180876 1.03801 0 0 -0.0825266 1.2243 -0.245217 1.30646 0 -0.122369 0 -0.540665 0 0 0 0 0 0 0 0 0 0 0 0 0 0 
0.319799 -3.62742e-18 -0.190178 0.364445 4.18519e-18 0.186513 -0.0663561 0.200609 -0.0334386 0.0553709 -0.0759276 0.0545772 0 -0.185437 1.0149 0 0 -0.0979793 1.24917 -0.247369 1.32386 0 -0.0235586 0 -0.369952 0 0 0 0 0 0 0 0 0 0 0 0 0 0 
0.317078 -3.31516e-18 -0.174617 0.356288 3.88787e-18 0.172512 -0.0706373 0.238255 -0.0647698 0.0710633 -0.0895152 0.0697991 0 -0.147538 0.95201 0 0 -0.125716 1.28405 -0.257537 1.34996 0 0.174478 0 -0.138434 0 0 0 0 0 0 0 0 0 0 0 0 0 0 
0.267921 -2.74258e-18 -0.151122 0.306262 3.39104e-18 0.14442 -0.0188775 0.403619 -0.149817 0.0999567 -0.159944 0.0580209 0 -0.127255 0.772448 0 0 -0.157007 0.986671 -0.289245 1.05278 0 0.65194 0 0.372913 0 0 0 0 0 0 0 0 0 0 0 0 0 0 
0.208581 -2.18081e-18 -0.124509 0.246769 2.78151e-18 0.108798 -0.0175318 0.553174 -0.207409 0.135109 -0.200401 0.076735 0 -0.136753 0.582608 0 0 -0.192428 0.658001 -0.317176 0.720364 0 1.24227 0 0.953201 0 0 0 0 0 0 0 0 0 0 0 0 0 0 
0.162683 -1.72567e-18 -0.103461 0.18533 2.06776e-18 0.0664968 -0.0191579 0.600164 -0.240323 0.148404 -0.19642 0.08515 0 -0.077594 0.356713 0 0 -0.19179 0.438745 -0.290153 0.487915 0 1.86257 0 1.43206 0 0 0 0 0 0 0 0 0 0 0 0 0 0 
0.127855 -1.41535e-18 -0.0880571 0.134737 1.51902e-18 0.0363594 -0.00375859 0.564382 -0.243839 0.127607 -0.180862 0.0879827 0 -0.0109285 0.157422 0 0 -0.164044 0.287317 -0.244759 0.327663 0 2.29689 0 1.76635 0 0 0 0 0 0 0 0 0 0 0 0 0 0 
0.0920578 -1.1923e-18 -0.074497 0.0955639 1.17535e-18 0.0159009 0.00951479 0.531049 -0.23098 0.122903 -0.16725 0.109087 0 -0.00599712 0.044612 0 0 -0.110532 0.125748 -0.201023 0.170983 0 2.60795 0 2.05189 0 0 0 0 0 0 0 0 0 0 0 0 0 0 
0.0734873 -1.0525e-18 -0.0672687 0.0781625 1.07264e-18 0.00806888 -0.0203051 0.499127 -0.231189 0.110353 -0.165067 0.104061 0 0.000598041 0.057514 0 0 -0.0194775 0.0279892 -0.143227 0.0898535 0 2.7346 0 2.21456 0 0 0 0 0 0 0 0 0 0 0 0 0 0 
0.0645299 -9.18956e-19 -0.0625409 0.0660772 9.64111e-19 0.00806002 -0.0160911 0.498178 -0.239739 0.0960961 -0.150362 0.109287 0 0.0306331 0.0691267 0 0 0.0311467 -0.0177855 -0.103385 0.0494703 0 2.77833 0 2.3126 0 0 0 0 0 0 0 0 0 0 0 0 0 0 
0.0603322 -8.90973e-19 -0.0643507 0.0614146 8.73757e-19 0.0135045 0.0255718 0.5131 -0.241896 0.107128 -0.135598 0.118738 0 0.0215643 0.0768321 0 0 0.0123924 -0.0476694 -0.117993 0.0175133 0 2.75658 0 2.29201 0 0 0 0 0 0 0 0 0 0 0 0 0 0 
0.0706991 -1.10159e-18 -0.0796736 0.0724505 1.10065e-18 0.0322829 0.0420601 0.505304 -0.245162 0.119283 -0.135372 0.126168 0 0.020388 0.100379 0 0 -0.0228088 -0.050554 -0.156042 0.0160522 0 2.54231 0 2.06106 0 0 0 0 0 0 0 0 0 0 0 0 0 0 
0.0811939 -1.18633e-18 -0.0940767 0.0789171 1.30259e-18 0.0485196 0.00949757 0.484934 -0.255205 0.107168 -0.143571 0.121266 0 0.0709393 0.0935874 0 0 -0.0277465 -0.0320944 -0.160143 0.0340934 0 2.34699 0 1.86182 0 0 0 0 0 0 0 0 0 0 0 0 0 0 
0.0792604 -1.1475e-18 -0.0991009 0.0836584 1.30506e-18 0.0539111 0.0359506 0.554444 -0.255604 0.102179 -0.152085 0.13533 0 0.0287608 0.133172 0 0 -0.0463649 -0.0303054 -0.17409 0.0335462 0 2.29398 0 1.79567 0 0 0 0 0 0 0 0 0 0 0 0 0 0 
0.073222 -1.1761e-18 -0.0908953 0.0865681 1.2901e-18 0.0489514 0.0623334 0.597479 -0.250905 0.110441 -0.153152 0.138236 0 -0.0392321 0.163669 0 0 -0.0479637 -0.0479522 -0.196053 0.0260818 0 2.35263 0 1.89758 0 0 0 0 0 0 0 0 0 0 0 0 0 0 
0.0738234 -1.25915e-18 -0.0816922 0.0834949 1.3513e-18 0.0422708 0.0364942 0.546095 -0.253484 0.113746 -0.13935 0.122131 0 -0.0094019 0.140398 0 0 -0.0176334 -0.0654218 -0.194085 0.0227937 0 2.41249 0 2.01703 0 0 0 0 0 0 0 0 0 0 0 0 0 0 
0.0752125 -1.2681e-18 -0.0840507 0.0797992 1.38156e-18 0.0406296 -0.0165755 0.441794 -0.266754 0.10252 -0.12449 0.113015 0 0.0318225 0.0958932 0 0 -0.00801399 -0.0716147 -0.185765 0.0172502 0 2.41387 0 1.98911 0 0 0 0 0 0 0 0 0 0 0 0 0 0 
0.07317 -1.25813e-18 -0.0857799 0.0870284 1.36185e-18 0.0463065 0.0600087 0.447722 -0.265628 0.0971724 -0.130867 0.11041 0 -0.0417257 0.123458 0 0 -0.0361316 -0.0655607 -0.196682 0.0147036 0 2.36645 0 1.95049 0 0 0 0 0 0 0 0 0 0 0 0 0 0 
0.0728414 -1.28993e-18 -0.0778022 0.0880169 1.36591e-18 0.0509829 0.109932 0.44952 -0.249892 0.114214 -0.13987 0.0894728 0 -0.0572979 0.120364 0 0 -0.0443977 -0.064218 -0.201309 0.0142268 0 2.33891 0 2.03572 0 0 0 0 0 0 0 0 0 0 0 0 0 0 
0.0716611 -1.28784e-18 -0.0792423 0.0851417 1.39421e-18 0.0522881 0.0976138 0.458639 -0.232951 0.117563 -0.13958 0.0956696 0 -0.0382147 0.12604 0 0 -0.0387845 -0.0837185 -0.20044 -0.00290121 0 2.32463 0 2.02381 0 0 0 0 0 0 0 0 0 0 0 0 0 0 
0.0681658 -1.24941e-18 -0.0884088 0.0876555 1.43654e-18 0.05304 0.0947913 0.497714 -0.230347 0.117975 -0.147616 0.103105 0 -0.0649349 0.185834 0 0 -0.0281619 -0.109797 -0.19872 -0.0245282 0 2.30106 0 1.92365 0 0 0 0 0 0 0 0 0 0 0 0 0 0 
0.0654504 -1.21034e-18 -0.0870046 0.0882016 1.44079e-18 0.05253 0.0919486 0.489462 -0.238586 0.118523 -0.157299 0.0862261 0 -0.0792244 0.200391 0 0 -0.00855868 -0.118062 -0.185173 -0.0297652 0 2.30587 0 1.95167 0 0 0 0 0 0 0 0 0 0 0 0 0 0 
0.0620456 -1.14433e-18 -0.0789569 0.0803782 1.36384e-18 0.0462915 0.0469573 0.42324 -0.235645 0.107369 -0.140869 0.105631 0 -0.0494841 0.130299 0 0 0.0064152 -0.117193 -0.168561 -0.0297159 0 2.38134 0 2.06592 0 0 0 0 0 0 0 0 0 0 0 0 0 0 
0.0571029 -1.01496e-18 -0.0753616 0.0733837 1.24447e-18 0.0374084 -0.00691074 0.463053 -0.226607 0.109378 -0.123238 0.156628 0 -0.0302062 0.10606 0 0 0.0121123 -0.109963 -0.162088 -0.0239568 0 2.48636 0 2.13406 0 0 0 0 0 0 0 0 0 0 0 0 0 0 
0.0559661 -9.62572e-19 -0.0714868 0.0734013 1.20534e-18 0.0364668 0.00379111 0.476696 -0.232687 0.113717 -0.130473 0.152275 0 -0.0380577 0.108118 0 0 0.0126738 -0.0993141 -0.159766 -0.0136134 0 2.5066 0 2.18691 0 0 0 0 0 0 0 0 0 0 0 0 0 0 
