0.013787 0.027402 0.029036 0 0 0 0 0 0.00199 0 0 0 0 0 0 0.003152 0 0 0.003588 0.02697 0 0 0 -0 0.004162 0.007821 0 0 0.008305 0.0157 0 0 0 0 0 
0.00603 0.028115 0.046066 0 0 0 0 0 0.008791 0 0 0 0 0.002987 0 0.002225 0 0 0.005677 0.01133 0 0 0 -0 0 0.003279 0 0.003533 0.04258 0.025416 0.001423 0 0 0 0 
0.00011 0.02285 0.063878 0 0 0 0 0.006269 0.014786 0.007296 0 0 0 0.008478 0 0.003244 0 0.00207 0.007313 0 0 0 0 -0 0 0 0 0.000477 0.044375 0.020364 0.006688 0 0.000765 0 0 
0.006795 0.024953 0.077853 0 0 0 0 0.008513 0.017523 0.00345 0 0 0 0 0.00729 0.001368 0 0.00504 0.006702 0 0 0 0 -0 0.001556 0.002032 0 0 0.018856 0.013546 0.01189 0 0.001433 0 0 
0.018359 0.036979 0.089204 0 0 0 0 0.003848 0.017855 0 0.004368 0 0 0 0.01584 0.001387 0 0.00189 0.001601 0.001593 0 0 0 -0 0.007547 0.011887 0.008394 0 0 0.021636 0.01305 0 0 0.007318 0.011302 
0.016717 0.036462 0.088483 0 0 0 0 0.001474 0.019146 0 0.01691 0 0 0 0.016435 0 0 0.001257 0.001899 0.003858 0 0 0 -0 0.008229 0.008313 0.016889 0 0 0.021237 0.009612 0 0 0 0.013407 
0.006495 0.031813 0.079365 0 0 0 0 0.002231 0.020381 0 0.011883 0 0 0 0.007902 0.000491 0 0.005448 0.007935 0.010482 0 0 0 -0 0.00307 0.010035 0.009821 0 0.014662 0.017858 0.004485 0 0.002648 0 0.003489 
0 0.030953 0.070127 0 0 0 0 0.003367 0.020452 0 0 0 0 0.008333 0 0 0 0.006565 0.012485 0.007144 0 0 0 0.000263 0 0.006954 0.010182 0 0.026284 0.017931 0.00496 0 0.000909 0 0 
0 0.029386 0.070286 0 0 0 0 0.003967 0.020769 0 0 0 0 0.000687 0 0 0 0.005284 0.010665 0.006922 0 0 0 0.002496 0.000947 0.005277 0.011261 0 0.018735 0.023057 0.001014 0 0 0 0 
0 0.024887 0.078305 0 0 0 0 0.005076 0.022253 0 0 0 0 0 0.002518 0 0 0.002976 0.006463 0.007313 0 0 0 0.002974 0.006011 0.013332 0.009654 0 0.001112 0.028226 0.003296 0 0 0 0.007693 
0.002046 0.021007 0.081658 0 0 0 0 0.007085 0.025069 0 0 0 0 0 0.012551 0.001015 0 0 0.004579 0 0 0 0 0.005107 0.007702 0.015765 0.014087 0 0 0.034358 0.012351 0 0.000212 0 0.018064 
0.001857 0.022218 0.08067 0 0 0 0 0.009114 0.02837 0 0 0 0 0 0.005038 0.002561 0 0.002008 0.006074 0 0.000284 0 0 0.003417 0.00435 0.007794 0.016243 0 0 0.029847 0.011183 0 0 0 0.010858 
0.001214 0.024879 0.083089 0 0 0 0 0.009711 0.030983 0 0 0 0 0 0.002694 0.003914 0 0.003405 0.006147 0 0 0 0 0.003674 0.003384 0.004465 0.014304 0 0 0.023922 0.011062 0 0 0 0.007974 
0.000746 0.023334 0.08873 0 0 0 0 0.008025 0.031364 0 0.014483 0 0 0 0.002429 0.004146 0 0.003661 0.007295 0 0 0 0 0.003513 0.003057 0.008579 0.003481 0 0 0.023982 0.009737 0 0 0 0.004395 
0.002556 0.02235 0.093887 0 0 0 0 0.008867 0.031295 0 0.015541 0 0 0 0 0.001615 0 0.004041 0.00911 0 0 0 0 0.003359 0.002028 0.006922 0 0 0.001677 0.024406 0.007899 0 0.001194 0 0 
0.007789 0.02382 0.099498 0 0 0 0 0.010556 0.032344 0 0.007616 0 0 0 0 0 0 0.004095 0.008516 0 0 0 0 0.00333 0.002916 0.005908 0.002215 0 0 0.022451 0.008098 0 0.001151 0 0 
0.012953 0.026891 0.106128 0 0 0 0 0.010954 0.03406 0 0 0 0 0 0.000948 0 0 0.001176 0.005819 0 0 0 0 0.005557 0.006068 0.009143 0.009548 0 0 0.02293 0.011369 0 0.000639 0 0.003286 
0.013231 0.027184 0.107388 0 0 0 0 0.012099 0.035487 0 0.001766 0 0 0 5.6e-05 0 0 0 0.00606 8.6e-05 0 0 0 0.007893 0.00859 0.016358 0.006378 0 0 0.023163 0.011146 0 0.001789 0 0 
0.011915 0.026361 0.107004 0 0 0 0 0.013496 0.03773 0 0.017962 0 0 0 0 0.001247 0 0.001061 0.006833 0 0 0 0 0.008569 0.010406 0.018636 0.006677 0 0.004801 0.020699 0.010237 0 0.004199 0 0 
0.010385 0.029923 0.108273 0 0 0 0 0.015639 0.040549 0 0.022029 0 0 0 0 0.005464 0 0.001721 0.006312 0 0.000742 0 0 0.008106 0.01138 0.016393 0.008115 0 0.011889 0.020532 0.007372 0 0.007424 0 0 
0.011246 0.034433 0.113166 0 0 0 0 0.018095 0.043055 0 0.015343 0 0 0 0 0.006084 0 0 0.006217 0 0.001006 0 0 0.008765 0.010816 0.014249 0.005432 0 0.024205 0.023034 0.00801 0 0.010587 0 0 
0.015064 0.035908 0.122976 0 0 0 0 0.018461 0.043969 0.004829 0.023938 0 0 0 0 0.002195 0 0 0.007432 0 0 0 0 0.010998 0.010276 0.017021 0.001447 0.006041 0.034344 0.024358 0.011828 0 0.008822 0 0 
0.021189 0.039435 0.133624 0 0 0 0 0.017611 0.045447 0 0.032659 0.001176 0 0 0 0 0 0 0.005901 0 0 0 0 0.011384 0.012901 0.025121 0.004958 0 0.038892 0.021518 0.016368 0 0.000661 0 0 
0.022548 0.041983 0.133634 0 0 0 0 0.0207 0.047376 0 0.011891 0 0 0 0 0 0 0 0.004272 0 0 0 0 0.010933 0.014122 0.022712 0.009892 7e-05 0.028082 0.017092 0.017758 0 0 0 0 
0.023705 0.038854 0.131091 0 0 0 0 0.024463 0.04877 0 0 0 0 0 0 0.000491 0 0 0.005182 0 0.000218 0 0 0.010845 0.015118 0.014601 0.015915 0.002804 0.014539 0.019911 0.016604 0 0.002673 0.001708 0.004237 
0.020009 0.036811 0.133704 0 0 0 0 0.025854 0.045808 0.018938 0.005396 0 0 0 0 0.001827 0 0.001612 0.010666 0.00396 0 0 0 0.010622 0.015549 0.011407 0.01939 0 0.018699 0.026179 0.007394 0 0.008069 0 0.006351 
0.016249 0.039643 0.13548 0 0 0 0 0.026762 0.044345 0.020234 0.005388 0 0 0 0 0.000595 0 0.004111 0.016482 0.008716 0 0 0 0.010954 0.012552 0.01474 0.012692 0 0.043303 0.028223 0 0 0.008467 0 0 
0.015191 0.039632 0.130222 0 0 0 0 0.027919 0.046652 0 0.001093 0 0 0 0 0 0.000265 0.004442 0.017638 0.007161 0 0 0 0.012343 0.009456 0.012313 0.007712 0.015997 0.047007 0.023955 0.006675 0 0.004477 0 0 
0.011792 0.033998 0.122151 0 0 0 0 0.026578 0.046051 0 0.007889 0 0 0 0 0 0.000506 0.003733 0.014557 0.001068 0 0 0 0.0125 0.012368 0.00752 0.01478 0.001795 0.031788 0.01836 0.016282 0 0.003068 0 0 
0.011049 0.031868 0.115818 0 0 0 0 0.02406 0.043222 0 0.013679 0 0 0 0.005901 0.00223 0 0.002447 0.01087 0 0 0 0 0.008165 0.017799 0.015743 0.018879 0 0.0073 0.021241 0.014603 0 0.010721 0 0.011955 
0.014511 0.037577 0.118255 0 0 0 0 0.023781 0.043473 0 0.006839 0 0 0 0.011802 0.002924 0 0.005281 0.012105 0 0 0 0 0.008851 0.020681 0.02495 0.011701 0 3.7e-05 0.022738 0.01797 0 0.010289 0 0.014711 
0.020324 0.04444 0.126171 0 0 0 0 0.022222 0.045329 0 0 0 0 0 0.000967 0 0 0.010747 0.017409 0.005365 0 0 0 0.01565 0.018167 0.022136 0.004398 0 0.006323 0.016041 0.025905 0 0.00416 0 0.004484 
0.024496 0.047357 0.132799 0 0 0 0 0.020081 0.045473 0 0 0 0 0 0 0 0 0.010499 0.018589 0.008075 0 0 0 0.017736 0.01866 0.019565 0.00763 0 0.010089 0.014256 0.026621 0 0 0 0.006269 
0.02468 0.045991 0.135816 0 0 0 0 0.020692 0.045276 0 0 0 0 0 0 0 0 0.006192 0.013309 0.003884 0 0 0 0.017051 0.019111 0.01974 0.009998 0 0.017686 0.020598 0.020478 0 0 0 0.006876 
0.022201 0.035887 0.139896 0 0 0 0 0.018184 0.046963 0 0.032107 0 0 0 0 0.000406 0 0.002683 0.006503 0 0 0 0 0.017631 0.022428 0.022353 0.018204 0 0.015542 0.024601 0.01682 0 0.002452 0 0 
0.020587 0.032201 0.140452 0 0 0 0 0.017693 0.047721 0 0.047815 0 0 0 0 0 0 0.002084 0.007063 0 0 0 0 0.018053 0.024693 0.028457 0.021322 0.000534 0.021253 0.021548 0.017375 0 0.001543 0 0 
0.016648 0.035936 0.135855 0 0 0 0 0.022974 0.047834 0 0.033601 0 0 0 0 0 0 0.00489 0.011301 0 0 0 0 0.017181 0.022102 0.03157 0.01194 0.00878 0.038894 0.018921 0.013899 0 0.001466 0 0 
0.009587 0.038538 0.128931 0 0 0 0 0.028467 0.048727 0.00625 0.008955 0 0 0 0 0 0 0.008599 0.014917 0 0 0 0 0.015556 0.019218 0.0246 0.011828 0.008614 0.043046 0.015536 0.015421 0 0.005774 0 0 
0.01 0.037587 0.122617 0 0 0 0 0.03168 0.05121 0 1.4e-05 0 0 0 0 0 0 0.010631 0.016208 0 0 0 0 0.016238 0.019652 0.019475 0.017154 0.000796 0.034623 0.011332 0.02094 0.001095 0.005671 0 0 
0.01582 0.041019 0.121555 0 0 0 0 0.033565 0.051656 0 0.002058 0 0 0 0 0 0 0.011856 0.016723 0 0 0 0 0.019142 0.020735 0.023434 0.009616 0.001067 0.03279 0.010888 0.021258 0 0.002573 0 0 
0.019716 0.045276 0.127944 0 0 0 0 0.028701 0.051591 0 0 0 0 0 0 0.000522 0 0.011624 0.016447 0 0 0 0 0.019245 0.023765 0.022577 0.010565 0 0.021354 0.014913 0.019414 0 0.002603 0 0.008125 
0.01911 0.040787 0.131688 0 0 0 0 0.02647 0.051596 0 0.006397 0.001695 0 0 0 0 0 0.01107 0.017046 0 0.000482 0 0 0.018761 0.027284 0.014314 0.024133 0 0.006047 0.018185 0.01575 0 0 0 0.00891 
0.019733 0.040516 0.131288 0 0 0 0 0.029828 0.051608 0 0.016937 0.003156 0 0 0 0 0 0.011562 0.017592 0 0 0 0 0.019681 0.028864 0.007999 0.029639 0 0.007622 0.019384 0.012512 0 0 0 0.006251 
0.01849 0.044567 0.127408 0 0 0 0.001104 0.028782 0.05215 0 0.001249 0.004517 0 0 0 0 0 0.009298 0.013429 0 0.005317 0 0 0.01672 0.032175 0.006379 0.030087 0 0 0.018461 0.020194 0 0.001151 0.002119 0.011275 
0.015516 0.038942 0.125204 0 0 0 0 0.028128 0.051491 0 0.005868 0 0 0 0 0 0 0.005488 0.008584 0 0.007489 0 0 0.013302 0.033817 0.003892 0.030512 0 0 0.013363 0.030523 0 0 0.006641 0.015966 
0.01403 0.036825 0.128456 0 0 0 0 0.033737 0.049848 0.002907 0.048319 0 0 0 0 0 0 0.006299 0.010397 0 0 0 0 0.017331 0.032776 0.000905 0.027851 0 0 0.012117 0.02529 0 0.004271 0 0.008749 
0.009331 0.047254 0.130366 0 0 0 0 0.023741 0.051128 0.01143 0.019867 0.00456 0 0 0 0 0 0.006158 0.014377 0.002758 0 0 0 0.022222 0.030844 0.005743 0.016542 0 0.015378 0.018667 0.014117 0 0.005126 0 0 
0.009452 0.033684 0.126121 0 0 0 0 0.040292 0.051916 0.000916 0.026091 0 0 0 0 0 0 0.001708 0.015377 0.006117 0 0 0 0.017687 0.033529 0.009848 0.016287 0 0 0.010188 0.016243 0 0 0 0.005164 
0.000393 0.027215 0.121827 0 0 0 0.031724 0.156603 0.046986 0.03617 0.301446 0.110579 0 0 0.001285 0.002367 0.002739 0.018596 0.011964 0 0 0 0 0.014084 0.041917 0.007161 0.028618 0 0.020632 0.034897 0.014957 0 0.035747 0 0.010683 
0 0.106672 0.07205 0.024074 0.016284 0 0.168785 0.353185 0.050729 0.08922 0.794182 0.415103 0 0 0.034831 0.047567 0.057288 0.080832 0.009239 0 0.008954 0 0 0.026364 0.054261 0 0.019946 0 0.141401 0.091655 0 0 0.187098 0 0.042582 
0 0.213197 0 0.044177 0.066312 0 0.312226 0.536624 0.068607 0.095821 1 0.761716 0.083007 0 0.039972 0.102099 0.128724 0.166692 0 0 0.041011 0 0 0.019741 0.038862 0 0 0 0.357135 0.171031 0 0 0.421493 0.04163 0.083489 
0 0.281289 0 0.044875 0.111065 0 0.287423 0.64349 0.094518 0.051562 1 0.929545 0.150457 0 0.031676 0.126801 0.200976 0.236148 0 0 0.054185 0 0 -0 0 0 0 0.015045 0.511489 0.21243 0 0.048113 0.633228 0.096879 0.121918 
0 0.340686 0 0.034056 0.151266 0 0.204432 0.67872 0.111233 0.017576 1 1 0.221673 0 0.059736 0.140999 0.277462 0.282779 0 0 0.117056 0 0 -0 0 0 0 0.056357 0.531777 0.240307 0 0.054944 0.752048 0.13133 0.137512 
0 0.376832 0 0.029193 0.169333 0 0.146987 0.689088 0.123104 0 1 1 0.263811 0 0.083448 0.149496 0.317689 0.30858 0 0 0.147506 0 0 -0 0 0 0 0.086785 0.551537 0.264237 0.012845 0.065049 0.824333 0.157333 0.171968 
0 0.394204 0 0.029752 0.173099 0 0.114324 0.699895 0.132563 0 1 1 0.303475 0 0.087819 0.149206 0.327459 0.319856 0 0 0.172533 0 0 -0 0 0 0 0.105091 0.589401 0.276669 0.021543 0.056003 0.841175 0.151153 0.180708 
0 0.390076 0 0.024694 0.165004 0 0.125392 0.701778 0.137165 0 1 1 0.321284 0 0.086046 0.142652 0.314421 0.315101 0 0 0.183064 0 0 -0 0 0 0 0.12076 0.611483 0.261377 0.024846 0.04308 0.831921 0.129518 0.173638 
0 0.375803 0 0.017175 0.150808 0 0.147379 0.72561 0.138771 0.007968 1 1 0.316081 0 0.099128 0.141971 0.320319 0.303904 0 0 0.162341 0 0 -0 0 0 0 0.126253 0.609689 0.238216 0.039515 0.037952 0.847376 0.149993 0.199444 
0 0.359129 0 0.011795 0.120581 0 0.17436 0.734978 0.134258 0.032274 1 0.887728 0.290845 0 0.114109 0.131803 0.325756 0.2662 0 0 0.110816 0 0 -0 0 0.007284 0 0.117557 0.561642 0.213014 0.049262 0.020658 0.776963 0.16836 0.222409 
0 0.300319 0 0 0.057448 0 0.231374 0.518223 0.112764 0 0.704391 0.500807 0.194126 0 0.100453 0.082051 0.217382 0.157282 0 0 0.042158 0 0 -0 0 0.040253 0 0.087273 0.369765 0.150205 0.012673 0 0.441078 0.066347 0.159258 
0 0.199983 0.041443 0 0.024628 0 0.126836 0.223295 0.08617 0 0.257083 0.216677 0.087885 0 0.062978 0.040312 0.082898 0.076815 0 0 0.019579 0 0 -0 0 0.050867 0 0.043863 0.199458 0.096021 0 0 0.193726 0 0.081821 
0 0.079955 0.057967 0.005685 0.012105 0 0 0.054711 0.077015 0 0.065672 0.083317 0.032497 0 0.049305 0.021729 0.02351 0.039496 0 0 0.021407 0 0 0.000951 0.010382 0.036851 0 0.012087 0.072474 0.068671 0 0 0.108618 0 0.037019 
0 0.019566 0.036915 0.024521 0.004951 0 0 0.022945 0.08004 0 0.037379 0.034992 0.016402 0 0.049631 0.009691 0.017364 0.02866 0 0 0.028151 0 0 -0 0.023341 0.032754 0 0.000552 0.016112 0.04593 0.011504 0 0.088339 0 0.010731 
0 0 0.037088 0.028013 0 0 0 0.003001 0.08468 0 0.012036 0.001585 0.007618 0 0.0617 0.006782 0.010478 0.022232 0 0 0.02022 0 0 -0 0.028187 0.029316 0 0 0 0.029427 0.013139 0 0.067325 0 0.010358 
0 0 0.030184 0.033451 0 0 0 0 0.119142 0.065582 0.003544 0 0.048275 0.000641 0.046986 0.003583 0 0.012213 0 0 0.027674 0 0 -0 0.029252 0.01801 0 0 0 0.021718 0.034634 0 0.050348 0 0.002437 
0.006501 0 0.042896 0.037795 0 0 0 0.015157 0.227036 0.50183 0.075789 0.006414 0.202237 0.02721 0 0.015269 0.022266 0.00285 0.0365 0 0.054601 0 0 -0 0.044812 0 0 0.008109 0.018899 0.000407 0.108774 0.071014 0.02571 0 0 
0.060506 0 0.062632 0.037864 0.012806 0 0 0.036583 0.336266 0.865499 0.127568 0.017346 0.343359 0.017183 0 0.039589 0.042007 0 0.081193 0 0.07656 0 0 0.00243 0.065694 0 0 0.015281 0 0 0.16145 0.218336 0 0 0.021808 
0.103838 0 0.071725 0.05347 0.015719 0 0 0.042797 0.431912 1 0.17676 0.05706 0.455884 0.005036 0 0.081992 0.05528 0 0.121588 0 0.082434 0 0 0.016443 0.070356 0 0 0.031698 0 0 0.21335 0.397522 0 0.033992 0.080516 
0.138612 0 0.078661 0.078622 0.000319 0 0 0.068473 0.506514 1 0.177866 0.135377 0.54224 0 0 0.128499 0.077221 0 0.173753 0 0.085933 0 0 0.010064 0.051781 0 0 0.110345 0.040351 0 0.24877 0.565254 0 0.084183 0.129392 
0.211289 0 0.082277 0.101281 0 0 0 0.106282 0.535105 1 0.10363 0.211843 0.621362 0 0 0.178379 0.104342 0 0.234041 0 0.068879 0 0 -0 0.007726 0 0 0.239346 0.098346 0 0.254456 0.712777 0.021533 0.157402 0.142937 
0.278772 0 0.059803 0.127501 0 0 0 0.125788 0.506887 1 0.047113 0.299062 0.708361 0 0 0.218087 0.131919 0 0.28537 0 0.100092 0 0 -0 0 0 0 0.323394 0.086222 0 0.268015 0.775943 0.010073 0.201375 0.11428 
0.322136 0 0.02099 0.157355 0 0 0 0.137677 0.446545 1 0.042325 0.377422 0.777512 0 0 0.235713 0.155747 0 0.3327 0 0.138424 0 0 -0 0 0 0 0.376614 0.065769 0 0.301293 0.814878 0 0.233447 0.081933 
0.349794 0 0.00978 0.166589 0 0 0 0.157625 0.418715 1 0 0.392611 0.809106 0 0 0.248535 0.173717 0 0.361112 0 0.162607 0 0 -0 0 0 0.007979 0.400633 0.055733 0 0.320223 0.819032 0 0.248271 0.067553 
0.388671 0 0 0.178374 0 0 0 0.170211 0.4185 1 0 0.406601 0.854616 0 0 0.261385 0.181293 0 0.380304 0 0.191484 0 0 -0 0 0 0.009751 0.420725 0.045677 0 0.326249 0.811806 0 0.252504 0.056393 
0.420556 0 0 0.189964 0 0 0 0.176312 0.432908 1 0 0.426781 0.903798 0 0 0.26637 0.181315 0 0.395317 0 0.216027 0 0 -0 0 0 0.008386 0.435785 0.046622 0 0.332176 0.810607 0 0.254802 0.052103 
0.434675 0 0 0.196353 0 0 0 0.178518 0.420773 1 0 0.429063 0.909396 0.002225 0 0.268862 0.183382 0 0.405766 0 0.229609 0 0 -0 0 0 0.0083 0.43902 0.055118 0 0.338417 0.793055 0 0.258846 0.042388 
0.433983 0 0 0.195725 0 0 0 0.180941 0.390285 1 0 0.417401 0.865664 0.003121 0 0.270583 0.188001 0 0.409002 0 0.230829 0 0 -0 0 0 0.007491 0.426057 0.050117 0 0.337997 0.770814 0 0.259607 0.023943 
0.427274 0 0 0.176502 0 0 0 0.18003 0.417015 1 0 0.398468 0.789246 0.007649 0 0.271424 0.186589 0 0.399446 0 0.19171 0 0 -0 0 0 0.017408 0.386614 0.031399 0 0.313706 0.730817 0 0.259963 0.013341 
0.387213 0 0.011416 0.149667 0 0 0 0.160342 0.416677 1 0 0.331946 0.639823 0.01817 0 0.263352 0.165043 0 0.35704 0 0.122935 0 0 -0 0 0 0.043927 0.340865 0.015831 0 0.26037 0.567901 0 0.24459 0 
0.283047 0 0 0.130599 0 0 0 0.115329 0.276621 0.880266 0 0.217475 0.381741 0.044934 0 0.2367 0.13068 0 0.277367 0 0.037867 0 0 -0 0 0 0.085664 0.28733 0 0 0.195676 0.318457 0 0.210275 0 
0.153545 0 0 0.126452 0.019426 0.005195 0 0.064322 0.087318 0.420429 0 0.078587 0.147767 0.071663 0 0.187524 0.08828 0 0.194762 0 0 0 0 -0 0 0 0.09781 0.243944 0 0 0.160381 0.142303 0 0.147136 0 
0.045193 0 0 0.101929 0.008413 0.097156 0 0.027754 0.004731 0.207035 0 0.018751 0.051021 0.072127 0 0.167458 0.077808 0 0.139277 0.056757 0 0 0 -0 0 0 0.07281 0.172637 0 0 0.114783 0.097557 0 0.097065 0 
0 0 0 0.072661 0.00739 0.144529 0 0.010304 0.001436 0.090839 0 0 0.009984 0.074195 0 0.160924 0.075193 0 0.101834 0.093425 0 0 0 -0 0 0 0.047835 0.095198 0 0 0.083858 0.085375 0 0.052141 0 
0 0 0 0.045156 0.022477 0.14974 0 0.005189 0 0.005275 0 0 0 0.073841 0 0.137395 0.054291 0 0.06934 0.092256 0 0 0 -0 0 0 0.040615 0.037348 0.013415 0.01951 0.066253 0.05595 0 0.021188 0 
0 0 0 0.033536 0.023013 0.120798 0 0.011383 0 0.008246 0 0 0 0.065629 0 0.121258 0.04826 0 0.054873 0.081087 0 0 0 -0 0 0 0.038963 0.015122 0.012971 0.031985 0.059627 0.058745 0 0.025698 0.002993 
0 0 0 0.021115 0.020018 0.089842 0 0.020531 0.015749 0 0 0 0 0.059904 0 0.110198 0.054269 0 0.043547 0.069977 0 0 0 -0 0 0 0.039102 0.012285 0.012653 0.02871 0.067715 0.06086 0 0.036122 0.018521 
0 0 0 0.010806 0.024855 0.072215 0 0.027295 0.017718 0 0 0 0 0.06753 0 0.095648 0.05308 0 0.03595 0.049093 0 0 0 -0 0 0 0.037973 0.014628 0.0335 0.022013 0.07892 0.045439 0 0.033259 0.016186 
0 0 0 0.007511 0.02807 0.061831 0 0.03232 0.013302 0.00089 0 0 0 0.0816 0 0.086358 0.04756 0 0.036049 0.032521 0 0 0 -0 0 0 0.040766 0.013751 0.060751 0.022747 0.08447 0.035303 0 0.024068 0.009155 
0 0 0 0.003492 0.025865 0.054972 0 0.035644 0.01543 0 0 0 0 0.086328 0 0.079592 0.040493 0 0.03444 0.025419 0 0 0 -0 0 0 0.041837 0.016463 0.073623 0.027227 0.080757 0.031368 0 0.017187 0.006039 
0 0.017422 0 0.00495 0.020519 0.048002 0 0.034066 0.015306 0 0 0 0 0.067144 0 0.068488 0.030553 0 0.028131 0.031473 0 0 0 -0 0 0 0.033628 0.02194 0.069717 0.029618 0.065152 0.028545 0 0.015702 0.001821 
0 0.021919 0 0.007624 0.018745 0.040847 0 0.031347 0.016592 0 0 0 0 0.061197 0 0.07 0.029204 0 0.030594 0.036205 0 0 0 -0 0 0 0.031515 0.007591 0.065907 0.038521 0.057345 0.026631 0 0.017845 0 
0 0.019828 0 0.006392 0.024248 0.043005 0 0.029098 0.015963 0.01537 0 0 0 0.068075 0 0.069592 0.030559 0 0.033782 0.029131 0 0 0 -0 0 0 0.024615 0 0.069662 0.046119 0.057347 0.026245 0 0.017162 0 
0 0.018443 0 0 0.031018 0.053319 0 0.028745 0.011488 0.033786 0 0 0 0.056121 0 0.059106 0.024177 0 0.029787 0.018913 0 0 0 -0 0 0 0.020463 0.009461 0.081251 0.0416 0.057071 0.027727 0 0.014527 0 
0 0.020406 0 0 0.034359 0.059707 0 0.028366 0.010521 0.03334 0 0 0 0.04306 0.005896 0.067969 0.024903 0 0.02469 0.025468 0 0 0 -0 0 0 0.020593 0 0.074393 0.039172 0.055411 0.027467 0 0.03243 0.017968 
0 0.015436 0 0 0.039656 0.082452 0 0.021509 0.008711 0.003249 0 0 0 0.049434 0.018476 0.066163 0.015933 0 0.022504 0.015165 0 0 0 -0 0 0 0.00286 0 0.067022 0.040688 0.055286 0.023048 0 0.039831 0.030178 
0 0.011353 0 0.002786 0.067162 0.183346 0 0 0 0 0 0 0 0.026841 0 0.030202 0 0 0.015863 0.040298 0 0 0 -0 0.020971 0 0 0.006379 0.09025 0.014526 0.035546 0.015603 0 0.0557 0.031888 
0 0 0 0.002289 0.106513 0.312824 0 0 0 0 0 0 0 0 0 0.029331 0.006661 0 0.007874 0.106607 0 0 0 -0 0.076556 0.05899 0.063205 0.023303 0.075528 0.014373 0.023005 0 0 0.133448 0.081947 
0 0 0 0.011815 0.155587 0.471015 0 0 0 0 0.004487 0 0 0 0 0.025962 0.009919 0 0 0.179519 0 0 0 -0 0.209609 0.160783 0.16144 0.029196 0.047708 0 0 0 0 0.215835 0.148463 
0 0 0 0.039258 0.199691 0.690914 0 0 0 0.027039 0.20454 0 0 0 0 0 0 0 0 0.218472 0 0 0 -0 0.537202 0.303672 0.268128 0 0 0 0 0 0 0.363869 0.309186 
0 0 0 0.074596 0.255246 0.975829 0 0 0 0.292303 0.55838 0.046271 0 0 0 0 0 0 0 0.325575 0 0 0 -0 0.977847 0.492563 0.392701 0 0 0 0 0 0 0.649783 0.589199 
0 0 0 0.089559 0.297921 1 0 0 0 0.526451 0.842303 0.084155 0 0 0 0 0 0 0 0.446492 0 0 0 -0 1 0.664889 0.515523 0 0 0 0 0 0 0.909584 0.805282 
0 0 0 0.069045 0.317591 1 0 0 0 0.614683 0.948261 0.101214 0 0 0 0 0 0 0 0.511129 0 0 0 -0 1 0.76627 0.576769 0 0 0 0 0 0 1 0.900467 
0 0 0 0.060754 0.322179 1 0 0 0 0.640673 0.974631 0.11889 0 0 0 0 0 0 0 0.51788 0 0 0 -0 1 0.780942 0.586632 0 0 0 0 0 0 1 0.936822 
0 0 0 0.070535 0.32754 1 0 0 0 0.691293 1 0.130608 0 0 0 0 0 0 0 0.533884 0 0 0 -0 1 0.784778 0.596934 0 0 0 0 0 0 1 0.965376 
0 0 0 0.076159 0.327116 1 0 0 0 0.722717 1 0.134213 0 0 0 0 0 0 0 0.550606 0 0 0 -0 1 0.784976 0.596873 0 0 0 0 0 0 1 0.971914 
0 0 0 0.073289 0.32332 1 0 0 0 0.720273 1 0.13806 0 0 0 0 0 0 0 0.555817 0 0 0 -0 1 0.773934 0.595765 0 0 0 0 0 0 1 0.972582 
0 0 0 0.070933 0.321878 1 0 0 0 0.726787 1 0.146735 0 0 0 0 0 0 0 0.561974 0 0 0 -0 1 0.76843 0.597095 0 0 0 0 0 0 1 0.971391 
0 0 0 0.066707 0.313347 1 0 0 0 0.748571 1 0.153122 0 0 0 0 0 0 0 0.567154 0 0 0 -0 1 0.775054 0.563492 0 0 0 0 0 0 1 0.961623 
0 0 0 0.054534 0.296148 1 0 0 0 0.620458 0.961993 0.113239 0 0 0 0 0 0 0 0.539238 0 0 0 -0 1 0.695532 0.485214 0 0 0 0 0 0 1 0.901533 
0 0 0 0.02143 0.273881 1 0 0 0 0.260955 0.655557 0.011422 0 0 0 0 0 0 0 0.469502 0 0 0 -0 1 0.482116 0.355173 0 0 0 0 0 0 0.786551 0.712379 
0 0.025408 0 0 0.272052 0.959973 0 0 0 0 0.244722 0 0 0 0 0 0 0 0 0.394596 0 0 0 -0 0.598257 0.26115 0.203085 0 0 0 0 0 0 0.444991 0.440363 
0 0.096325 0 0 0.292131 0.75956 0 0 0 0 0 0 0 0 0 0 0 0 0 0.322203 0 0 0 0.0593 0.221464 0.134142 0.084417 0 0 0 0 0 0 0.184634 0.225346 
0 0.102136 0 0 0.303519 0.676091 0 0 0 0 0 0 0 0 0 0 0 0 0 0.262097 0 0 0 0.106242 0.050421 0.078301 0.025434 0 0 0 0 0 0 0.073971 0.143016 
0 0.084533 0 0 0.302908 0.659262 0 0 0 0 0 0 0 0 0 0 0 0.022247 0.001683 0.224357 0 0 0 0.070865 0.021105 0.013646 0.000218 0 0 0 0 0 0 0.069148 0.124768 
0 0.074522 0 0 0.294242 0.65037 0 0 0 0 0 0 0 0 0 0 0 0.030176 0.006402 0.214309 0 0 0 0.040882 0.008415 0 0 0 0 0 0 0 0 0.072024 0.132283 
0 0.064353 0 0 0.292245 0.652773 0 0 0 0 0 0 0 0 0 0 0 0.02532 0.010236 0.192011 0 0 0 0.028596 0.005592 0 0 0 0 0 0 0 0 0.067857 0.146698 
0 0.054501 0 0 0.298112 0.673717 0 0 0 0 0 0 0 0 0 0 0 0.006541 0 0.151729 0 0 0 0.017873 0.024054 0 0 0 0 0 0 0 0 0.081053 0.162608 
0 0.049443 0 0 0.303954 0.695553 0 0 0 0 0 0 0 0 0 0 0 0.000404 0 0.133546 0 0 0 -0 0.015374 0 0 0 0 0 0 0 0 0.096614 0.171974 
0 0.046888 0 0 0.303021 0.724324 0 0 0 0 0 0 0 0 0 0 0 0 0 0.164784 0 0 0 -0 0.063374 0.037893 0.022778 0 0 0 0 0 0 0.128479 0.19614 
0 0.02851 0 0 0.285561 0.850483 0 0 0 0 0.204349 0 0 0 0 0 0 0 0 0.268993 0 0 0 -0 0.495021 0.23403 0.229945 0 0 0 0 0 0 0.352415 0.41088 
0 0 0 0 0.286854 1 0 0 0 0.151782 0.619555 0.017595 0 0 0 0 0 0 0 0.363303 0 0 0 -0 0.95949 0.439043 0.363721 0 0 0 0 0 0 0.648398 0.655895 
0 0 0 0.000336 0.309795 1 0 0 0 0.404948 0.846582 0.062698 0 0 0 0 0 0 0 0.419437 0 0 0 -0 1 0.572701 0.43224 0 0 0 0 0 0 0.862952 0.818048 
0 0 0 0.003651 0.321622 1 0 0 0 0.511421 0.935951 0.093148 0 0 0 0 0 0 0 0.437784 0 0 0 -0 1 0.61975 0.449589 0 0 0 0 0 0 0.947338 0.867801 
0 0 0 0.0018 0.328637 1 0 0 0 0.593091 1 0.113265 0 0 0 0 0 0 0 0.455238 0 0 0 -0 1 0.640075 0.442423 0 0 0 0 0 0 0.993618 0.889522 
0 0 0 0 0.331315 1 0 0 0 0.626221 1 0.109313 0 0 0 0 0 0 0 0.467741 0 0 0 -0 1 0.642739 0.454101 0 0 0 0 0 0 1 0.919652 
0 0 0 0.000113 0.328489 1 0 0 0 0.597477 1 0.095335 0 0 0 0 0 0 0 0.462699 0 0 0 -0 1 0.607355 0.488191 0 0 0 0 0 0 0.999889 0.931393 
0 0 0 0 0.32549 1 0 0 0 0.597112 1 0.093143 0 0 0 0 0 0 0 0.466393 0 0 0 -0 1 0.590852 0.479159 0 0 0 0 0 0 0.986965 0.922174 
0 0 0 0 0.320634 1 0 0 0 0.550435 0.993242 0.077522 0 0 0 0 0 0 0 0.473801 0 0 0 -0 1 0.581567 0.439606 0 0 0 0 0 0 0.954424 0.887196 
0 0 0 0 0.310424 1 0 0 0 0.353014 0.863423 0.029652 0 0 0 0 0 0 0 0.456548 0 0 0 -0 1 0.512483 0.377471 0 0 0 0 0 0 0.841337 0.791079 
0 0.021387 0 0 0.292714 0.969072 0 0 0 0.022027 0.58147 0 0 0 0 0 0 0 0 0.422126 0 0 0 -0 0.867356 0.377084 0.271722 0 0 0 0 0 0 0.663717 0.639056 
0 0.057435 0 0 0.30543 0.853057 0 0 0 0 0.215774 0 0 0 0 0 0 0 0 0.391175 0 0 0 -0 0.554497 0.245308 0.147638 0 0 0 0 0 0 0.480411 0.485006 
0 0.055996 0 0 0.300863 0.741773 0 0 0 0 0 0 0 0 0 0 0 0 0 0.350768 0 0 0 -0 0.20433 0.139292 0.063017 0 0 0 0 0 0 0.323677 0.370438 
0 0.028954 0 0 0.287266 0.672921 0 0 0 0 0 0 0 0 0 0 0 0 0 0.306648 0 0 0 -0 0.055057 0.069416 0.042641 0 0 0 0 0 0 0.280918 0.346876 
0 0.01367 0 0 0.275234 0.600722 0 0 0 0 0 0 0 0 0 0 0 0.023275 0.013716 0.245295 0 0 0 -0 0 0.015935 0.030112 0 0 0 0 0 0 0.276602 0.337971 
0 0.006299 0 0 0.264372 0.530474 0 0 0 0 0 0 0 0.043963 0.030089 0.020938 0 0.059347 0.039553 0.168096 0 0 0 -0 0 0.023314 0.040686 0 0 0 0 0 0 0.28158 0.361293 
0 0 0 0 0.258426 0.479696 0 0 0 0 0 0 0 0.084453 0.042077 0.054665 0.018675 0.078071 0.051508 0.133215 0 0 0 -0 0 0.020347 0.044849 0 0 0 0 0 0 0.296802 0.40763 
0 0 0 0 0.254318 0.431616 0 0 0 0 0 0 0 0.112659 0.038151 0.084192 0.03922 0.092022 0.063292 0.11386 0 0 0 -0 0 0.00229 0.036998 0 0 0 0 0 0 0.318731 0.44103 
0 0 0 0 0.220825 0.310791 0 0.018578 0 0 0 0 0 0.148741 0.056976 0.108001 0.057433 0.111003 0.082648 0.061203 0 0 0 -0 0 0 0.008042 0 0 0 0 0 0 0.342686 0.440859 
0 0.006974 0 0.002882 0.174944 0.199056 0 0.158534 0.066847 0 0 0 0 0.170661 0.076837 0.122303 0.065227 0.118593 0.084876 0.02072 0 0 0 -0 0 0 0 0 0 0 0 0 0 0.357171 0.442007 
0 0 0 0.00086 0.146972 0.13941 0 0.155733 0.070508 0 0 0 0 0.177575 0.08229 0.139273 0.063864 0.116616 0.07405 0.006999 0 0 0 -0 0 0 0 0 0 0 0 0 0 0.36091 0.452429 
0 0 0 0.001244 0.139246 0.124176 0 0.038459 0 0 0 0 0 0.172604 0.072554 0.148108 0.058321 0.112978 0.068735 0.005437 0 0 0 -0 0 0 0 0 0 0 0 0 0 0.345524 0.447966 
0 0 0 0 0.133827 0.109878 0 0 0 0 0 0 0 0.157644 0.055237 0.145129 0.051371 0.111868 0.071057 0.001585 0 0 0 -0 0 0 0 0 0 0 0 0 0 0.331679 0.435798 
0 0 0 0 0.130999 0.095178 0 0 0 0 0 0 0 0.142983 0.039363 0.147829 0.044512 0.1132 0.070939 0 0 0 0 -0 0 0 0 0 0 0 0 0 0 0.336805 0.440583 
0 0 0 0.001837 0.129838 0.083576 0 0 0 0 0 0 0 0.148886 0.019891 0.157253 0.037416 0.116526 0.071113 0 0 0 0 -0 0 0 0 0 0 0 0 0 0 0.338825 0.446506 
0 0 0 0.000502 0.123824 0.068592 0 0 0 0 0 0 0 0.157112 0.005648 0.155214 0.03424 0.11599 0.07387 0 0 0 0 -0 0 0 0 0 0 0 0 0 0 0.328457 0.441101 
0 0 0 0 0.120317 0.056743 0 0 0 0 0 0 0 0.155087 0 0.151234 0.033985 0.110661 0.073349 0 0 0 0 -0 0 0 0 0 0 0 0 0 0 0.322047 0.440373 
0 0 0 0 0.120841 0.052341 0 0 0 0 0 0 0 0.150402 0 0.141755 0.029071 0.103565 0.071555 0 0.00822 0 0 -0 0 0 0 0 0 0 0 0 0 0.310405 0.423852 
0 0.010887 0 0 0.118549 0.047816 0 0 0 0 0 0 0 0.137662 0 0.121951 0.021632 0.099151 0.071729 0 0.019053 0 0 -0 0 0 0 0 0 0 0 0 0 0.294666 0.392352 
0 0.018558 0 0 0.117169 0.047563 0 0.003685 0 0 0 0 0 0.10769 0 0.098059 0.017414 0.0932 0.066104 0 0.031753 0 0 -0 0 0 0 0 0 0 0 0.005132 0 0.273527 0.373215 
0 0 0 0 0.121548 0.058243 0 0.002617 0 0 0 0 0 0.090451 0 0.06647 0.00555 0.071208 0.04514 0 0.061873 0 0 -0 0 0 0 0 0.011225 0 0 0.031406 0 0.193355 0.334978 
0 0 0 0 0.11898 0.063885 0 0.003308 0 0 0 0 0 0.098904 0.000735 0.050619 0 0.046091 0.027465 0 0.069945 0 0 -0 0 0 0 0 0 0 0 0.037791 0 0.098093 0.265322 
0 0.002756 0 0 0.108402 0.054905 0 0.011435 0 0 0 0 0 0.088531 0.028357 0.041027 0 0.027001 0.012444 0 0.054142 0 0 -0 0 0 0 0 0 0 0 0.035642 0 0.036143 0.198118 
0 0.010881 0 0 0.095232 0.048581 0 0.017624 0 0 0 0 0 0.073458 0.038177 0.035246 0 0.014869 0.003629 0 0.039364 0 0 -0 0 0 0 0 0.012264 0 0 0.034667 0 0.009583 0.159446 
0 0.01312 0 0 0.085818 0.042561 0 0.029964 0 0 0 0 0 0.072424 0.033777 0.033795 0 0.01263 0.002979 0 0.035909 0 0 -0 0 0 0 0 0.038763 0 0 0.035135 0 0 0.136782 
0 0.028471 0 0 0.078302 0.028198 0 0.053901 0.008291 0 0 0 0 0.061325 0.030614 0.027374 0 0.015468 0.002395 0 0.045247 0 0 -0 0 0 0 0 0.045961 0.016791 0 0.032508 0 0 0.115948 
0 0.068423 0 0 0.057185 0 0 0.087429 0.038377 0 0 0.00194 0 0.037983 0.038577 0.011863 0 0.020784 0.004415 0 0.057087 0 0 -0 0 0 0 0 0.059359 0.013154 0 0.037867 0 0 0.099567 
0 0.099083 0 0 0.028484 0 0 0.116213 0.07216 0 0.007248 0.043317 0 0.028651 0.047723 0.009196 0 0.028434 0.011739 0 0.061029 0 0 -0 0.00222 0 0 0 0.089086 0.002816 0 0.043799 0 0 0.087149 
0 0.093308 0.018568 0 0.014149 0 0.05391 0.13258 0.097262 0 0.080275 0.086135 0 0.012386 0.048019 0.009356 0 0.037754 0.016689 0 0.074509 0 0 -0 0.007751 0 0 0 0.086459 0.012105 0 0.032424 0 0 0.057359 
0 0.097869 0.033723 0 0.004391 0 0.067612 0.133571 0.107437 0 0.072681 0.079259 0 0.005717 0.049688 0.005294 0 0.037604 0.020037 0 0.087 0 0 -0 0.017471 0 0 0 0.023961 0.012161 0 0.017957 0 0 0.038354 
0 0.104237 0.03952 0 0 0 0.044996 0.137521 0.110357 0 0.04618 0.089256 0 0.005181 0.044049 0.009579 0 0.043215 0.024739 0 0.082135 0 0 -0 0.028986 0 0 0 0.041549 0.024211 0 0.018198 0 0 0.03628 
0 0.122801 0 0 0.020889 0 0 0.170836 0.114212 0 0.202019 0.310248 0.018393 0 0 0.065732 0.037825 0.091142 0.017903 0 0.044957 0 0 0.015309 0.051502 0 0 0 0.218227 0.103583 0 0.008722 0.066983 0 0.063707 
0 0.228753 0 0.00969 0.106294 0.109676 0 0.226551 0.120918 0 0.638217 0.729008 0.007688 0 0 0.186568 0.133511 0.253738 0 0 0 0 0 0.042336 0.120265 0.071733 0.000318 0 0.478762 0.255178 0 0 0.279867 0 0.182086 
0 0.348234 0 0.009857 0.199641 0.21529 0 0.236855 0.118693 0 0.90905 0.899478 0 0 0 0.261428 0.146625 0.437488 0 0 0 0 0 0.039359 0.135539 0.070775 0 0 0.691758 0.31509 0 0 0.36405 0 0.303335 
0 0.420085 0 0.006639 0.284775 0.294933 0 0.218394 0.101463 0 1 0.901995 0 0 0 0.304965 0.108857 0.566876 0 0 0 0 0 0.083079 0.110702 0.055516 0 0 0.836589 0.30839 0 0.003188 0.350798 0 0.383176 
0 0.449906 0 0.002662 0.343686 0.370649 0 0.202353 0.076982 0 1 0.920321 0 0 0 0.311389 0.081831 0.61198 0 0 0 0 0 0.117335 0.092478 0.071816 0 0 0.888756 0.307229 0 0.023164 0.342774 0 0.406671 
0 0.47437 0 0 0.375661 0.42897 0 0.195479 0.066198 0 1 0.950964 0 0 0 0.312863 0.079189 0.618202 0 0 0 0 0 0.114389 0.088085 0.08577 0 0 0.899878 0.319639 0 0.026611 0.365279 0 0.406549 
0 0.483499 0 0 0.381671 0.443025 0 0.183141 0.073943 0 0.994893 0.939402 0 0 0 0.309907 0.077891 0.621364 0 0 0 0 0 0.088986 0.080915 0.091656 0 0 0.893496 0.323006 0 0.025073 0.351194 0 0.401738 
0 0.471033 0 0 0.365565 0.423648 0 0.163106 0.082909 0 0.986094 0.920805 0 0 0 0.313549 0.082291 0.625731 0 0 0 0 0 0.074382 0.080381 0.109271 0 0 0.81586 0.312789 0 0.014193 0.31032 0 0.399768 
0 0.468207 0 0 0.355075 0.405853 0 0.140451 0.084839 0 0.974261 0.890035 0 0 0 0.318677 0.093295 0.625236 0 0 0 0 0 0.064443 0.081871 0.140994 0 0 0.74673 0.322824 0 0.002115 0.260199 0 0.42249 
0 0.441551 0 0 0.334993 0.365078 0 0.097884 0.083345 0 0.86947 0.74293 0 0 0 0.275347 0.110207 0.575839 0 0 0 0 0 0.013823 0.072868 0.177842 0 0 0.652877 0.332962 0 0 0.131228 0 0.452029 
0 0.363139 0 0 0.270688 0.268581 0 0.064569 0.074634 0 0.614574 0.447012 0 0 0 0.169492 0.120802 0.435823 0 0 0 0 0 -0 0.060007 0.157893 0 0 0.460029 0.276887 0 0 0 0 0.435233 
0 0.268648 0 0 0.169804 0.126273 0 0.078965 0.082574 0 0.277888 0.108111 0 0 0 0.089983 0.119222 0.257653 0 0.076369 0 0 0 -0 0.042365 0.050395 0 0 0.197236 0.111974 0 0 0 0 0.384767 
0 0.194842 0 0 0.075381 0.005809 0 0.108102 0.121539 0 0.038982 0 0 0 0.05307 0.052046 0.098923 0.112036 0 0.098741 0 0 0 -0 0.024602 0 0 0 0.01953 0 0 0 0 0 0.290402 
0.001803 0.133002 0.032163 0 0 0 0 0.108901 0.135223 0.039409 0 0 0 0.048223 0.102389 0.064697 0.099647 0.006729 0 0.066003 0 0 0 -0 0 0 0 0 0 0 0 0 0 0.113224 0.166087 
0.041869 0.087219 0.05276 0 0 0 0 0.104602 0.094772 0.096411 0 0 0 0.085893 0.098814 0.096382 0.10072 0 0.013577 0.049321 0 0 0 -0 0 0 0 0 0 0 0 0 0 0.219347 0.091464 
0.062225 0.052464 0.059347 0 0 0 0 0.105112 0.072769 0.133837 0 0 0 0.089872 0.069649 0.109089 0.092045 0 0.039733 0.042544 0 0 0 -0 0 0 0 0.041154 0 0 0 0 0 0.262155 0.061935 
0.078115 0.03103 0.065375 0 0 0 0 0.105054 0.083595 0.131722 0 0 0 0.092829 0.032464 0.11824 0.089166 0 0.059103 0.043739 0 0 0 -0 0 0 0 0.082764 0 0 0 0 0 0.267542 0.037515 
0.09104 0.012149 0.06089 0 0 0 0 0.112086 0.09138 0.139858 0 0 0 0.074967 0 0.128881 0.082891 0 0.061164 0.051864 0 0 0 -0 0 0 0 0.08915 0 0 0 0 0 0.277679 0.006504 
0.119589 0 0.022144 0 0.013974 0 0 0.129906 0.087706 0.196034 0 0 0 0.018042 0 0.126396 0.073239 0 0.063193 0.055512 0 0 0 -0 0 0 0.004293 0.163746 0 0 0.045616 0 0 0.294278 0 
0.185829 0 0 0.058955 0.040562 0 0 0.148861 0.068119 0.352711 0 0 0.030857 0.006334 0 0.091731 0.101507 0 0.113059 0.031888 0 0 0 -0 0.041801 0 0.182164 0.316023 0 0 0.208963 0.02805 0 0.354047 0 
0.259718 0 0 0.108453 0.054777 0.031469 0 0.161405 0.029838 0.513517 0 0 0.115476 0 0 0.083172 0.158838 0 0.199038 0.021618 0 0 0 -0 0.063548 0 0.273808 0.494017 0 0 0.323466 0.071783 0 0.42075 0 
0.322493 0 0 0.146446 0.062095 0.074789 0 0.174051 0.001003 0.638628 0 0 0.176263 0 0 0.084114 0.212956 0 0.29184 0 0 0 0 0.012921 0.058193 0.007973 0.300409 0.653269 0 0 0.392915 0.160316 0 0.45142 0 
0.361541 0 0 0.17912 0.060669 0.105061 0 0.184087 0 0.721541 0 0 0.195909 0 0 0.090364 0.268949 0 0.370096 0 0 0 0 0.020976 0.030275 0.06774 0.256209 0.772561 0 0 0.411639 0.258022 0 0.478181 0 
0.385227 0 0 0.201911 0.050819 0.12284 0 0.195643 0 0.808076 0 0 0.236881 0 0 0.097164 0.310008 0 0.423888 0 0 0 0 0.019493 0 0.117188 0.201199 0.847803 0 0 0.38948 0.298963 0 0.497633 0 
0.398497 0 0 0.208909 0.040329 0.137663 0 0.206761 0 0.890448 0 0 0.275475 0 0 0.120917 0.344149 0 0.459766 0 0 0 0 0.022988 0 0.172873 0.160279 0.811961 0 0 0.342588 0.312308 0 0.52168 0 
0.407483 0 0 0.211985 0.033283 0.157009 0 0.21196 0.014001 0.955028 0 0 0.277833 0 0 0.131253 0.392166 0 0.500997 0 0 0 0 0.05835 0 0.225358 0.12277 0.790008 0 0 0.315892 0.347268 0 0.547572 0 
0.415961 0 0 0.217195 0.028167 0.161844 0 0.214789 0.021619 0.964904 0 0 0.255755 0 0 0.134529 0.420832 0 0.522308 0 0 0 0 0.075142 0 0.240106 0.112186 0.769568 0 0 0.310579 0.362747 0 0.559515 0 
0.421478 0 0 0.216024 0.024006 0.159363 0 0.217154 0.019113 0.941801 0 0 0.243345 0 0 0.137917 0.415475 0 0.524402 0 0 0 0 0.08332 0 0.218275 0.11938 0.732184 0 0 0.294226 0.361139 0 0.539294 0 
0.417348 0 0 0.211716 0.026953 0.159011 0 0.219482 0.016841 0.917367 0 0 0.240633 0 0 0.146538 0.404931 0 0.515944 0 0 0 0 0.068054 0 0.179295 0.167527 0.679774 0 0 0.288379 0.3445 0 0.525166 0 
0.392627 0 0 0.203329 0.038815 0.151065 0 0.22514 0.002729 0.844957 0 0 0.201696 0 0 0.164814 0.38346 0 0.474502 0 0 0 0 0.030235 0 0.123251 0.22809 0.540482 0 0 0.283428 0.304801 0 0.52682 0 
0.325879 0 0 0.165882 0.05097 0.118803 0 0.215708 0 0.618578 0 0 0.094088 0 0 0.164239 0.283753 0 0.36498 0 0 0 0 -0 0 0.057207 0.197037 0.289063 0 0 0.229178 0.245458 0 0.482457 0 
0.17726 0 0 0.069661 0.054071 0.070593 0 0.165725 0 0.273626 0 0 0 0.021601 0 0.147118 0.104159 0 0.162936 0.021067 0 0 0 -0 0 0.012241 0 0.00201 0 0 0.098787 0.108333 0 0.380879 0 
0.042892 0 0 0 0.041291 0.050167 0 0.133336 0.029025 0.106923 0 0 0 0.098439 0 0.200971 0.108444 0 0.014948 0.184007 0 0 0 -0 0 0 0 0 0 0 0.032874 0.054276 0 0.389236 0.213796 
0 0.086696 0 0 0.063564 0.043557 0 0.123196 0.06946 0 0 0 0 0.203832 0 0.293239 0.163134 0.061046 0 0.298079 0 0 0 -0 0 0 0 0 0 0 0 0 0 0.347192 0.433409 
0 0.137741 0 0 0.103472 0.032345 0 0.112581 0.07832 0 0.043013 0 0 0.254588 0.068521 0.343198 0.182034 0.139291 0 0.336083 0 0 0 -0 0 0 0 0 0 0 0 0 0 0.304929 0.547949 
0 0.164079 0 0 0.120104 0.014288 0 0.102679 0.082958 0 0.014464 0 0 0.2715 0.078564 0.358486 0.180032 0.172923 0 0.34563 0 0 0 -0 0 0 0 0 0 0 0 0 0 0.284458 0.563647 
0 0.162448 0 0 0.120942 0.006472 0 0.097343 0.087121 0 0 0 0 0.272503 0.079 0.359384 0.186201 0.177446 0 0.333036 0 0 0 -0 0 0 0 0 0 0 0 0 0 0.285914 0.536167 
0 0.145529 0 0 0.116432 0.003304 0 0.095142 0.08172 0 0 0 0 0.300499 0.068685 0.331122 0.162763 0.166082 0 0.236463 0 0 0 -0 0 0 0 0 0.084136 0 0 0 0 0.269519 0.449935 
0 0.132612 0 0 0.104993 0 0 0.093773 0.076234 0 0 0 0 0.298885 0.045577 0.283099 0.113271 0.143422 0 0.127005 0 0 0 -0 0 0 0 0.02515 0.141296 0.010759 0 0 0 0.245457 0.358692 
0 0.12278 0 0 0.088446 0 0 0.09699 0.079039 0 0 0 0 0.262558 0.043407 0.234382 0.062792 0.117546 0 0.040732 0 0 0 -0 0 0 0 0.08488 0.130369 0.029833 0 0 0 0.223561 0.291501 
0 0.115165 0 0 0.076068 0 0 0.099761 0.08452 0 0 0 0 0.235363 0.036552 0.20127 0.023951 0.097736 0 0 0 0 0 -0 0 0 0 0.096946 0.107522 0.02779 0 0.001206 0 0.197067 0.246629 
0 0.108026 0 0 0.066881 0 0 0.098303 0.084516 0 0 0 0 0.202372 0.028203 0.167517 0.012723 0.082287 0.002806 0 0 0 0 -0 0 0 0 0.105607 0.07633 0.009466 0 0.025278 0 0.178188 0.238977 
0 0.103834 0 0 0.056519 0 0 0.098783 0.084503 0 0 0 0 0.154211 0.035676 0.129034 0.011766 0.07267 0.009896 0 0.000667 0 0 -0 0 0 0 0.13987 0.058249 0 0 0.035429 0 0.178322 0.239689 
0 0.104938 0 0 0.043233 0 0 0.103654 0.095932 0 0 0 0 0.119237 0.027902 0.09172 0.006157 0.070454 0.017298 0 0.006116 0 0 -0 0 0 0 0.150437 0.078828 0 0 0.033774 0 0.183286 0.208733 
0 0.104113 0 0 0.034447 0 0 0.10696 0.105501 0 0 0 0 0.118579 0.001162 0.076448 0.006511 0.066267 0.018513 0 0.008369 0 0 -0 0 0 0 0.13165 0.106503 0 0 0.038983 0 0.16687 0.175063 
0 0.101824 0 0 0.027243 0 0 0.10949 0.107095 0 0 0 0 0.110228 0 0.060116 0.014905 0.05447 0.017331 0 0.011486 0 0 -0 0 0 0 0.143154 0.104103 0 0 0.046502 0 0.125523 0.141742 
0 0.10081 0 0 0.025402 0 0 0.110558 0.100505 0.033422 0 0 0 0.10191 0.016201 0.047458 0.026048 0.042376 0.017682 0 0.014777 0 0 -0 0 0 0 0.155065 0.078332 0 0 0.052048 0 0.07524 0.104986 
0 0.09535 0 0 0.02376 0 0 0.111377 0.096714 0.056407 0 0 0 0.087796 0.013262 0.04254 0.03235 0.031618 0.018404 0 0.0272 0 0 -0 0 0 0 0.119507 0.055337 0 0 0.071319 0 0.044047 0.10002 
0 0.083066 0 0 0.017934 0 0 0.114531 0.101401 0.055041 0 0.029979 0 0.052359 0 0.038118 0.031908 0.014495 0.021219 0 0.036967 0 0 -0 0 0 0 0.081724 0.038802 0 0 0.11238 0.017339 0.067683 0.159391 
0.008859 0.072671 0 0 0.013159 0 0 0.122001 0.109063 0.096575 0 0.065174 0 0.011557 0 0.024778 0.044247 0 0.03598 0 0.021584 0 0 -0 0 0 0 0.132082 0.03334 0 0 0.163248 0.050356 0.148462 0.244111 
0.015088 0.066707 0 0 0.013003 0 0 0.124727 0.108386 0.162805 0.003199 0.113848 0.005695 0.010792 0 0.028094 0.071591 0 0.044364 0 0 0 0 -0 4.8e-05 0 0 0.184046 0.042812 0 0 0.185796 0.055983 0.197001 0.272116 
0.020375 0.056853 0 0 0.017306 0 0 0.125485 0.103339 0.202868 0.0182 0.171595 0.030138 0.017944 0 0.046996 0.101289 0 0.045204 0 0 0 0 -0 0.011965 0 0 0.203392 0.018433 0 0 0.183314 0.044376 0.200061 0.275319 
0.025552 0.054884 0 0 0.020358 0.013332 0 0.128463 0.097227 0.235071 0.032072 0.227544 0.064006 0.019636 0 0.058886 0.115694 0 0.046419 0 0 0 0 -0 0.020858 0 0 0.232549 0 0 0 0.175183 0.039437 0.171467 0.245373 
0.024459 0.058169 0 0 0.018487 0.036066 0 0.127504 0.090929 0.278414 0.076401 0.322415 0.110552 0.029782 0 0.07721 0.135478 0 0.037288 0 0 0 0 -0 0.029891 0 0 0.234861 0.004257 0 0 0.157214 0.034134 0.111261 0.176082 
0.013225 0.060591 0 0 0.013013 0.067566 0 0.123342 0.089841 0.310032 0.155759 0.495944 0.157266 0.035966 0 0.137555 0.181394 0 0.004951 0 0 0 0 -0 0.030537 0 0 0.176406 0.025464 0.045141 0 0.160541 0.060168 0.069895 0.106601 
0 0.058029 0 0 0.009013 0.124212 0 0.135231 0.095219 0.361679 0.272448 0.76175 0.238886 0.014141 0 0.242282 0.295247 0 0 0 0 0 0 -0 0.006789 0 0 0.187307 0.014296 0.106753 0.041223 0.209516 0.161189 0.022419 0.081166 
0 0.051542 0 0 0.010362 0.174499 0 0.165292 0.098934 0.435757 0.347865 0.943172 0.329957 0.027875 0.005833 0.35251 0.414378 0 0 0 0.016006 0 0 -0 0 0 0 0.204651 0.008086 0.135928 0.077501 0.236001 0.232558 0.008256 0.054034 
0 0.045178 0 0 0.010465 0.207113 0 0.191537 0.109227 0.486547 0.414165 1 0.391929 0.072808 0.014868 0.462652 0.50496 0 0 0 0.049731 0 0 -0 0 0 0 0.183005 0.074561 0.171587 0.083894 0.228661 0.250805 0 0.019584 
0 0.046649 0 0 0.008981 0.219978 0 0.199491 0.127685 0.499107 0.494152 1 0.42484 0.111899 0.072472 0.577963 0.576189 0 0 0 0.06207 0 0 -0 0 0 0 0.181643 0.13326 0.211733 0.035348 0.202994 0.232054 0 0 
0 0.053502 0 0 0.006073 0.231581 0 0.207398 0.143319 0.52412 0.558182 1 0.482732 0.125156 0.137135 0.675908 0.635275 0 0 0 0.070274 0 0 -0 0 0 0 0.237309 0.150986 0.231546 0.001617 0.171008 0.202308 0 0 
0 0.054633 0 0 0.005315 0.245576 0 0.228536 0.149208 0.579667 0.568013 1 0.55989 0.131294 0.152702 0.742923 0.679492 0 0 0 0.079771 0 0 -0 0 0 0 0.256214 0.180325 0.21408 0.021554 0.151965 0.19552 0 0 
0 0.048651 0 0 0.007899 0.255984 0 0.244202 0.146101 0.669617 0.576764 1 0.626154 0.14068 0.145281 0.799619 0.718921 0 0 0 0.079762 0 0 -0 0 0 0 0.240144 0.222242 0.189594 0.052942 0.1507 0.203858 0 0 
0 0.047288 0 0 0.008944 0.258963 0 0.241865 0.143988 0.725656 0.612157 1 0.646172 0.141737 0.155592 0.823892 0.738998 0 0 0 0.079496 0 0 -0 0 0 0 0.269796 0.22135 0.207743 0.041755 0.14678 0.189917 0 0 
0 0.047363 0 0 0.008497 0.259194 0 0.242947 0.147975 0.735396 0.616425 1 0.656806 0.142099 0.164115 0.831799 0.747068 0 0 0 0.081427 0 0 -0 0 0 0 0.285809 0.218634 0.22209 0.0316 0.131179 0.171945 0 0 
0 0.044882 0 0 0.006133 0.256826 0 0.244848 0.154831 0.730915 0.603772 1 0.676235 0.141891 0.164109 0.83679 0.746778 0 0 0 0.079297 0 0 -0 0 0 0 0.265967 0.231695 0.207403 0.039459 0.111852 0.165632 0 0 
0 0.042697 0 0 0.00162 0.251066 0 0.244292 0.163681 0.747093 0.61718 1 0.692151 0.131881 0.166129 0.829914 0.739736 0 0 0 0.079943 0 0 -0 0 0 0 0.271073 0.23256 0.192514 0.048342 0.096759 0.157002 0 0 
0 0.044306 0 0 0 0.243355 0 0.245809 0.174093 0.75348 0.614071 1 0.684256 0.123361 0.167541 0.805239 0.72693 0 0 0 0.085276 0 0 -0 0 0 0 0.29334 0.21704 0.185219 0.053477 0.085147 0.143354 0 0 
0.00139 0.049921 0 0 0 0.233853 0 0.238574 0.175161 0.74487 0.566186 1 0.666117 0.133839 0.153821 0.77206 0.696534 0 0 0 0.08992 0 0 -0 0 0 0 0.271334 0.19702 0.163967 0.072634 0.075129 0.132938 0 0 
0.006425 0.054985 0 0 0 0.205056 0 0.231849 0.176357 0.727604 0.532129 1 0.631009 0.144708 0.12708 0.705441 0.622385 0 0 0 0.104693 0 0 -0 0 0 0 0.225305 0.170407 0.14894 0.101571 0.076325 0.113465 0 0 
0.010868 0.065247 0 0 0 0.141869 0 0.231623 0.191518 0.61506 0.441539 0.786087 0.520262 0.159343 0.09919 0.563922 0.486946 0 0 0 0.122932 0 0 -0 0 0 0 0.150759 0.134181 0.134349 0.117024 0.080422 0.077811 0 0 
0.00802 0.082518 0 0 0 0.069773 0 0.209708 0.188702 0.448152 0.293697 0.530079 0.365499 0.188283 0.093305 0.410097 0.349127 0 0 0 0.115419 0 0 -0 0 0 0 0.049216 0.101399 0.111948 0.092983 0.072571 0.045396 0 0 
0.006161 0.092288 0 0 0.003765 0.017378 0 0.170826 0.153137 0.373999 0.224603 0.35591 0.255458 0.210051 0.110862 0.321054 0.271663 0.005968 0 0 0.088562 0 0 -0 0 0 0 0 0.066664 0.094527 0.055872 0.053671 0.019725 0 0.010452 
0.014038 0.088505 0 0 0.008347 0 0 0.161826 0.131028 0.348922 0.243246 0.238248 0.199725 0.213471 0.11773 0.287129 0.232813 0.022254 0 0 0.073243 0 0 -0 0 0 0 0 0.042785 0.084234 0.041785 0.035571 0 0 0.026437 
0.015675 0.08639 0.004998 0 0 0 0 0.16689 0.130136 0.22031 0.174344 0.083662 0.148233 0.208302 0.112959 0.261255 0.188452 0.041958 0 0 0.065578 0 0 -0 0 0 0 0.010432 0.009782 0.067601 0.034149 0.018918 0 0 0.05657 
0.012074 0.092822 0.020416 0 0 0 0 0.131667 0.102219 0.148054 0.080301 0.01124 0.109501 0.21416 0.110659 0.249294 0.168299 0.052756 0 0 0.053048 0 0 -0 0 0 0 0.001344 0 0.050505 0.020779 0.015308 0 0 0.076308 
0.000757 0.093818 0.035122 0 0 0 0 0.097046 0.077188 0.154694 0.064677 0 0.081232 0.221425 0.106821 0.235288 0.16211 0.052404 0 0 0.049835 0 0 -0 0 0 0 0.005873 0 0.048872 0.013488 0.017533 0 0 0.077405 
0 0.089392 0.043683 0 0 0 0 0.095812 0.084831 0.15059 0.07068 0 0.066198 0.216289 0.0969 0.206098 0.150289 0.044601 0 0 0.062646 0 0 -0 0 0 0 0.01616 0.020861 0.053528 0.022377 0.023272 0 0 0.066837 
0 0.091434 0.045026 0 0 0 0 0.099343 0.091702 0.143477 0.053642 0.014515 0.071831 0.190256 0.096207 0.180136 0.135773 0.03866 0 0 0.06449 0 0 -0 0 0 0 0.021066 0.023211 0.05307 0.025249 0.027692 0 0 0.055811 
0.007619 0.096764 0.042775 0 0 0 0 0.094433 0.085936 0.143914 0.05639 0.034564 0.077456 0.168553 0.096783 0.169784 0.12878 0.037465 0 0 0.049608 0 0 -0 0 0 0 0.006765 0.02104 0.050827 0.015281 0.035011 0 0 0.039598 
0.010533 0.095132 0.042768 0 0 0 0 0.098636 0.095164 0.11889 0.06642 0.057817 0.075691 0.164123 0.088187 0.152049 0.120353 0.032735 0 0 0.045632 0 0 -0 0 0 0 0 0.041183 0.054414 0.015752 0.047584 0 0 0.031154 
0.012243 0.091558 0.039914 0 0 0 0 0.105986 0.108006 0.108859 0.066448 0.081787 0.083007 0.154109 0.080711 0.128423 0.106088 0.026724 0 0 0.055114 0 0 -0 0 0 0 0 0.049806 0.05425 0.029311 0.049491 0 0 0.031562 
0.01777 0.090092 0.041541 0 0 0 0 0.112164 0.114062 0.130479 0.093974 0.090778 0.092649 0.132314 0.077227 0.106687 0.092668 0.023894 0 0 0.059669 0 0 -0 0 0 0 0.018711 0.036851 0.05462 0.033938 0.043919 0 0 0.022693 
0.020024 0.087395 0.050282 0 0 0 0 0.121026 0.119467 0.149252 0.126034 0.102537 0.08787 0.128205 0.062427 0.092133 0.079463 0.021019 0 0 0.062538 0 0 -0 0 0 0 0.019024 0.054532 0.059469 0.030973 0.04611 0 0 0.010234 
0.015055 0.078617 0.053783 0 0 0 0 0.127424 0.116959 0.175672 0.138497 0.136518 0.085916 0.122762 0.056843 0.08173 0.07029 0.016049 0 0 0.067278 0 0 -0 0 0 0 0.020351 0.072387 0.064013 0.032728 0.051507 0 0 0.01737 
0.009241 0.071259 0.051565 0 0 0 0 0.128881 0.103432 0.22799 0.159693 0.159447 0.090258 0.090605 0.075808 0.074798 0.068603 0.013605 0 0 0.057499 0 0 -0 0 0 0 0.036798 0.045369 0.060878 0.036594 0.053271 0 0 0.036675 
0.008899 0.089974 0.074937 0 0 0 0.044689 0.151108 0.102639 0.279687 0.215742 0.143778 0.091221 0.069686 0.080852 0.068583 0.060756 0.012796 0 0 0.037381 0 0 -0 0 0 0 0.037127 0.02858 0.059523 0.036821 0.052859 0.017272 0 0.043993 
0.00714 0.112497 0.108143 0 0 0 0.22841 0.199343 0.129764 0.317524 0.266578 0.170552 0.104224 0.08702 0.056082 0.058002 0.051031 0.009002 0 0 0.057301 0 0 -0 0 0 0 0.042122 0.061097 0.070201 0.037843 0.039435 0.033904 0 0.036483 
0.004118 0.116594 0.120032 0 0 0 0.527994 0.249853 0.166911 0.375551 0.325029 0.220018 0.125785 0.084542 0.055676 0.048979 0.05187 0.007188 0 0 0.086842 0 0 -0 0 0 0 0.080535 0.054634 0.077835 0.035961 0.018149 0.048222 0 0.03865 
0.007463 0.111978 0.102756 0 0 0 0.78715 0.277932 0.196195 0.422226 0.389222 0.234462 0.141087 0.057447 0.084091 0.050683 0.057064 0.012399 0 0 0.08847 0 0 -0 0.001629 0 0 0.110405 0.003919 0.074931 0.029203 0.010493 0.061584 0 0.053539 
0.012367 0.115927 0.081865 0.002696 0 0 0.932709 0.297158 0.21735 0.446958 0.437711 0.248924 0.158424 0.054359 0.090775 0.057643 0.055835 0.018564 0 0 0.097126 0 0 -0 0.00827 0 0 0.083593 0 0.07414 0.02635 0.007585 0.059517 0 0.056586 
0.00736 0.118887 0.081588 0.007197 0 0 1 0.329079 0.242313 0.460857 0.446827 0.280589 0.1792 0.055438 0.083449 0.053708 0.057278 0.017226 0 0 0.12127 0 0 -0 0.001927 0 0 0.074027 0 0.081603 0.025523 0.012455 0.067875 0 0.064159 
0 0.101557 0.102361 0.000285 0 0 1 0.381221 0.286285 0.430825 0.410907 0.328605 0.198573 0.048595 0.096178 0.051571 0.064295 0.01649 0 0 0.178087 0 0 -0 0 0 0 0.077987 0 0.090954 0.035458 0.009562 0.073564 0.012208 0.08926 
0 0.096535 0.111923 0 0 0 1 0.42731 0.326751 0.374719 0.380137 0.362421 0.229927 0.046288 0.112941 0.05356 0.067718 0.019688 0 0 0.221514 0 0 -0 0.000634 0 0 0.113585 0.000865 0.0954 0.05091 0.011948 0.085189 0.032613 0.118404 
0 0.093442 0.102629 0 0.003675 0 1 0.467612 0.359664 0.334885 0.346417 0.411416 0.263394 0.06476 0.109357 0.054285 0.066062 0.022462 0 0 0.26134 0 0 -0 0 0 0 0.131049 0.053474 0.099967 0.065244 0.011388 0.090224 0.059577 0.125136 
0 0.094671 0.081439 0 0.004073 0 1 0.481029 0.373646 0.317772 0.31946 0.414543 0.271761 0.067504 0.115529 0.050784 0.063051 0.024312 0 0 0.273803 0 0 -0 0 0 0 0.137647 0.055886 0.098786 0.069355 0.006844 0.098226 0.062239 0.120676 
0 0.099845 0.062044 0 0 0 1 0.475099 0.3776 0.324304 0.325327 0.38465 0.255577 0.059598 0.123176 0.049691 0.055846 0.027402 0 0 0.260567 0 0 -0 0 0 0 0.126404 0.033371 0.094497 0.066223 0.007079 0.109402 0.049914 0.113239 
0 0.102375 0.04524 0 0 0 1 0.473631 0.384498 0.345053 0.342223 0.385621 0.241654 0.057285 0.121884 0.053364 0.053547 0.029116 0 0 0.251788 0 0 -0 0 0 0 0.111449 0.022332 0.096793 0.060328 0.007223 0.112532 0.045136 0.106258 
0 0.103739 0.031541 0 0 0 1 0.472443 0.384684 0.351046 0.337433 0.388875 0.226884 0.05331 0.124833 0.058681 0.058226 0.029965 0 0 0.245079 0 0 -0 0 0 0 0.101789 0.001602 0.088724 0.061155 0.001689 0.111001 0.042256 0.106614 
0 0.109094 0.035188 0 0 0 1 0.465926 0.375048 0.36731 0.345402 0.352194 0.21209 0.058935 0.117239 0.069242 0.060639 0.03016 0 0 0.231785 0 0 -0 0.002784 0 0 0.072861 0 0.068955 0.074751 0 0.108304 0.040987 0.104494 
0.000872 0.118873 0.037934 0.000547 0 0 1 0.461577 0.370057 0.413009 0.365918 0.3276 0.209516 0.066801 0.103952 0.087099 0.066445 0.024955 0 0 0.223763 0 0 -0 0.00808 0 0 0.04236 0 0.066936 0.08371 0.000145 0.100671 0.046344 0.097702 
0.002595 0.129265 0.020964 0.003328 0 0 1 0.456421 0.367104 0.447309 0.363702 0.338425 0.206292 0.063592 0.102613 0.094417 0.070819 0.017931 0 0 0.220563 0 0 -0 0.008393 0 0 0.039301 0 0.078153 0.081629 0.004614 0.093412 0.050219 0.093113 
0.004911 0.132636 0.00237 0.005069 0 0 1 0.455195 0.364269 0.44758 0.349361 0.349985 0.198438 0.058248 0.103006 0.081073 0.071744 0.015599 0 0 0.219169 0 0 -0 0.004055 0 0 0.060584 0 0.074292 0.086275 0.012054 0.090605 0.04134 0.088127 
0.012162 0.129106 0.007072 0.004074 0 0 1 0.460573 0.367461 0.440081 0.352724 0.345931 0.193254 0.060311 0.09135 0.067799 0.072976 0.015991 0 0 0.219081 0 0 -0 0 0 0 0.070547 0 0.066757 0.098467 0.019513 0.096393 0.035674 0.081126 
0.009568 0.118081 0.016318 0.000486 0 0 1 0.451167 0.363014 0.454279 0.369375 0.328309 0.184009 0.059039 0.08878 0.075045 0.066978 0.01624 0 0 0.210953 0 0 -0 0.002374 0 0 0.044734 0 0.08275 0.090238 0.017176 0.118493 0.050321 0.078455 
0.010903 0.123964 0 0.004727 0 0 1 0.432252 0.350696 0.448004 0.357501 0.329546 0.187102 0.053527 0.09605 0.075647 0.061587 0.015329 0 0 0.205428 0 0 -0 0.008591 0 0 0.021674 0 0.0909 0.07994 0.018083 0.118898 0.052326 0.072214 
0.034695 0.138218 0 0.003779 0 0 1 0.406906 0.333639 0.386029 0.28816 0.339337 0.20029 0.045089 0.084079 0.055009 0.062738 0.01071 0 0 0.20467 0 0 -0 0.00557 0 0 0.013622 0 0.082231 0.0971 0.052988 0.096627 0.032305 0.052666 
0.054265 0.146387 0 0 0 0 0.995565 0.340106 0.276937 0.290213 0.1727 0.307813 0.188716 0.0391 0.062614 0.032139 0.056192 0.004007 0 0 0.200982 0 0 -0 0.005351 0 0 0 0 0.070615 0.123665 0.090641 0.068694 0.003658 0.026275 
0.034708 0.128768 0 0 0 0 0.545052 0.236362 0.177602 0.224401 0.077751 0.20158 0.129115 0.04368 0.058542 0.021874 0.042848 0 0 0 0.16411 0 0 -0 0.010197 0 0 0 0 0.061946 0.122677 0.099369 0.067384 0 0.01579 
0.00299 0.09474 0 0 0.002232 0 0.193044 0.156785 0.100442 0.185778 0.024409 0.107111 0.071292 0.05297 0.062277 0.018247 0.038254 0 0 0 0.11969 0 0 -0 0.011396 0 0 0 0 0.052613 0.104879 0.085163 0.067819 0 0.007299 
0 0.07321 0 0 0.005283 0.013783 0.030022 0.120636 0.07975 0.113118 0 0.096435 0.059935 0.052674 0.058558 0.019283 0.039516 0 0 0 0.099252 0 0 -0 0.004823 0 0 0 0.005424 0.05663 0.088611 0.079658 0.054742 0 0 
0 0.066321 0 0 0.002082 0.00783 0 0.115758 0.085575 0.070889 0 0.099878 0.063295 0.058093 0.04777 0.023385 0.031624 0 0 0 0.099751 0 0 -0 0.002319 0 0 0 0.016917 0.054484 0.082856 0.08917 0.055364 0 0 
0.004338 0.067417 0 0 0.003697 0 0 0.120855 0.092717 0.083785 0 0.094513 0.064581 0.074434 0.040742 0.027665 0.03129 0 0 0 0.097273 0 0 -0 0 0 0 0 0.022086 0.045491 0.086101 0.094274 0.057259 0 0 
0.014804 0.079486 0.003165 0 0.006862 0 0 0.126852 0.100028 0.128655 0 0.108668 0.068922 0.07609 0.044402 0.026893 0.038798 0 0.001537 0 0.093728 0 0 -0 0 0 0 0 0.019211 0.04417 0.092387 0.096322 0.048431 0 0 
0.010796 0.084872 0.007316 0 0.006629 0 0 0.125615 0.09813 0.157755 0 0.123812 0.072581 0.05447 0.057215 0.020454 0.037619 0 0 0 0.096544 0 0 -0 0.007519 0 0 0 0 0.045941 0.089836 0.096905 0.03954 0 0 
4.9e-05 0.075626 0.0012 0 0.005376 0 0 0.120374 0.092009 0.139753 0 0.129899 0.076036 0.049553 0.065374 0.019877 0.033343 0 0 0 0.109354 0 0 -0 0.012879 0 0 0 0 0.04834 0.087438 0.081146 0.027448 0 0 
0 0.05845 0 0 0.011104 0 0 0.112674 0.088848 0.087786 0 0.104863 0.0621 0.073794 0.052988 0.024664 0.036497 0 0 0 0.088197 0 0 -0 0.002069 0 0 0 0 0.044191 0.087744 0.088781 0.042209 0 0.000783 
0 0.048116 0 0 0.025393 0 0 0.103566 0.077272 0.062354 0 0.086391 0.039355 0.092906 0.044095 0.021259 0.039438 0 0.003063 0 0.066144 0 0 -0 0.005375 0 0 0 0 0.033263 0.074971 0.106566 0.053967 0 0 
0 0.041724 0 0 0.042374 0.053847 0 0.089678 0.054853 0.024699 0 0.088457 0.024925 0.091954 0.04604 0.021925 0.03668 0 0.002488 0 0.065821 0 0 -0 0.003296 0 0 0 0 0.037705 0.069466 0.097111 0.043657 0 0 
0 0.033141 0 0 0.064983 0.124012 0 0.068026 0.025262 0 0 0.089721 0.006643 0.087356 0.050756 0.031166 0.030174 0.00064 0 0 0.065195 0 0 -0 0.006618 0 0 0 0 0.045394 0.073861 0.073355 0.028627 0 0.014545 
0 0.041263 0 0 0.089842 0.204954 0 0.04581 0 0 0 0.102146 0 0.084101 0.050613 0.027205 0.017875 0.000458 0 0 0.054002 0 0 -0 0.030943 0 0 0 0 0.028415 0.055527 0.059729 0.021965 0 0.029684 
0 0.058014 0 0 0.118593 0.285155 0 0.036434 0 0 0 0.106043 0 0.075367 0.056855 0.027254 0.014767 0.00406 0 0 0.071005 0 0 -0 0.038408 0 0 0 0 0.024999 0.047775 0.014855 0 0 0.02756 
0 0.054984 0 0 0.169785 0.434581 0 0.009578 0 0 0 0.101348 0 0 0 0.059787 0.040896 0.029326 0 0.070147 0 0 0 -0 0.048871 0.059302 0.018069 0.058549 0.043556 0.008707 0.031 0 0 0.098345 0.072624 
0 0.023076 0 0 0.216751 0.668473 0 0 0 0 0.118832 0.103818 0 0 0 0.018859 0.013068 0 0 0.168261 0 0 0 -0 0.372488 0.217549 0.208928 0.04653 0.059278 0 0 0 0 0.260544 0.257607 
0 0 0 0.01252 0.266257 0.949039 0 0 0 0.100313 0.439602 0.047746 0 0 0 0 0 0 0 0.254541 0 0 0 -0 0.825958 0.355154 0.380836 0 0 0 0 0 0 0.531581 0.533304 
0 0 0 0.040735 0.303806 1 0 0 0 0.252375 0.668979 0.028775 0 0 0 0 0 0 0 0.32053 0 0 0 -0 1 0.421521 0.459394 0 0 0 0 0 0 0.724294 0.733655 
0 0 0 0.04279 0.313327 1 0 0 0 0.289828 0.738485 0.051973 0 0 0 0 0 0 0 0.355561 0 0 0 -0 1 0.462418 0.480596 0 0 0 0 0 0 0.799243 0.801105 
0 0 0 0.035346 0.319596 1 0 0 0 0.336837 0.787592 0.090281 0 0 0 0 0 0 0 0.372349 0 0 0 -0 1 0.506492 0.469788 0 0 0 0 0 0 0.854044 0.833898 
0 0 0 0.037525 0.324464 1 0 0 0 0.40349 0.837149 0.136801 0 0 0 0 0 0 0 0.383408 0 0 0 -0 1 0.546965 0.45048 0 0 0 0 0 0 0.899719 0.867912 
0 0 0 0.037482 0.320651 1 0 0 0 0.416668 0.822357 0.162598 0 0 0 0 0 0 0 0.388575 0 0 0 -0 1 0.55586 0.450091 0 0 0 0 0 0 0.898766 0.86156 
0 0 0 0.028427 0.316481 1 0 0 0 0.424828 0.811369 0.166248 0 0 0 0 0 0 0 0.388792 0 0 0 -0 1 0.55117 0.433659 0 0 0 0 0 0 0.894448 0.844913 
0 0 0 0.020444 0.310212 1 0 0 0 0.428993 0.800512 0.164342 0 0 0 0 0 0 0 0.387209 0 0 0 -0 1 0.560618 0.381689 0 0 0 0 0 0 0.890151 0.827803 
0 0 0 0.02123 0.30072 1 0 0 0 0.426241 0.774352 0.181239 0 0 0 0 0 0 0 0.378174 0 0 0 -0 1 0.603688 0.332441 0 0 0 0 0 0 0.89143 0.795334 
0 0 0 0.023834 0.294137 1 0 0 0 0.441128 0.771427 0.19206 0.008156 0 0 0 0 0 0 0.349013 0 0 0 -0 1 0.633047 0.320768 0 0 0 0 0 0 0.902367 0.749389 
0 0 0 0.013416 0.289492 1 0 0 0 0.454864 0.778948 0.157805 0.097176 0 0 0 0 0 0 0.309357 0 0 0 -0 1 0.5729 0.335291 0 0 0 0 0 0 0.879003 0.705551 
0 0 0 0.003498 0.285357 1 0 0 0 0.453778 0.775447 0.139692 0.147946 0 0 0 0 0 0 0.293657 0 0 0 -0 1 0.522321 0.335337 0 0 0 0 0 0 0.840928 0.684819 
0 0 0 0.002827 0.278179 1 0 0 0 0.456199 0.794134 0.162147 0.152159 0 0 0 0 0 0 0.29424 0 0 0 -0 1 0.542196 0.319527 0 0 0 0 0 0 0.835992 0.682392 
0 0 0 0 0.264022 1 0 0 0 0.42081 0.76642 0.161335 0.121661 0 0 0 0 0 0 0.294919 0 0 0 -0 1 0.548583 0.273269 0 0 0 0 0 0 0.81205 0.654539 
0 0.010046 0 0 0.242212 1 0 0 0 0.292001 0.626607 0.092759 0.074919 0 0 0 0 0 0 0.274024 0 0 0 -0 0.927553 0.440327 0.195761 0 0 0 0 0 0 0.685351 0.545882 
0 0.060902 0 0 0.205698 0.820868 0 0 0 0.116938 0.418951 0.010096 0.034485 0 0 0 0 0 0 0.220476 0 0 0 -0 0.686303 0.270513 0.115992 0 0 0 0 0 0 0.4902 0.384101 
0 0.107814 0 0 0.141729 0.565867 0 0 0 0 0.250791 0 0.015412 0 0 0 0 0 0 0.147819 0 0 0 -0 0.442903 0.135559 0.050618 0 0 0 0 0 0 0.304256 0.225797 
0 0.124153 0 0 0.10263 0.433324 0 0 0 0 0.174382 0 0.023138 0 0 0 0 0 0 0.109658 0 0 0 -0 0.326629 0.081444 0.032967 0 0 0 0 0 0 0.21578 0.154023 
0 0.123687 0 0 0.082468 0.34702 0 0.001468 0 0 0.12301 0 0.035224 0 0 0 0 0 0 0.080499 0 0 0 -0 0.252775 0.040751 0.030466 0 0 0 0 0 0 0.151599 0.104392 
0 0.110738 0 0 0.067283 0.266694 0 0.02715 0 0 0.093657 0 0.032903 0 0 0 0 0 0 0.048868 0 0 0 -0 0.197266 0.025666 0.018465 0 0 0 0 0.002307 0 0.10271 0.070813 
0 0.098025 0 0 0.052601 0.193866 0 0.045996 0.006862 0 0.074789 0 0.011439 0 0 0 0 0 0.002741 0.035602 0 0 0 -0 0.148263 0.028985 0.000449 0 0 0 0 0.016445 0 0.070499 0.057406 
0 0.097386 0 0 0.047639 0.156453 0 0.057588 0.024314 0 0.053535 0 0.011151 0 0 0 0 0 0.008748 0.037703 0 0 0 -0 0.113465 0.016684 0 0 0 0 0 0.022283 0 0.046094 0.053239 
0 0.108178 0 0 0.04641 0.146365 0 0.074777 0.032672 0.02233 0.049337 0.008304 0.039394 0 0 0 0 0 0.010083 0.033681 0 0 0 -0 0.096354 0.005073 0 0 0 0 0 0.016857 0 0.030126 0.05019 
0 0.117309 0 0 0.040495 0.133714 0 0.08825 0.036604 0.035955 0.049754 0.027087 0.045078 0 0 0 0 0 0.004738 0.030221 0 0 0 -0 0.092584 0.006731 0 0 0 0 0 0.017829 0 0.035744 0.054895 
0 0.122356 0 0 0.03854 0.117277 0 0.091651 0.037847 0.037359 0.049071 0.023321 0.032837 0 0.006504 0 0 0 0.0016 0.023572 0 0 0 -0 0.092629 0.000118 0 0 0 0 0 0.018742 0 0.03654 0.053761 
0 0.119683 0 0 0.040022 0.112239 0.010483 0.088629 0.037871 0.056777 0.072507 0.024526 0.022576 0 0.004065 0 0 0 0.004531 0.020316 0 0 0 -0 0.09494 0 0 0 0 0 0 0.0231 0 0.026497 0.051308 
0 0.113845 0 0 0.035263 0.105622 0.047109 0.09152 0.04224 0.076624 0.108415 0.024333 0.034796 0.010499 0.002179 0 0 0 0.007351 0.009493 0 0 0 -0 0.099199 0 0 0 0 0 0 0.020405 0 0.015263 0.051653 
0 0.118227 0 0 0.024372 0.084964 0.10354 0.102582 0.051348 0.090439 0.112949 0.035612 0.066161 0 0 0 0 0 0.005928 0.01753 0.015858 0 0 -0 0.105492 0 0 0 0 0 0 0.014621 0 0.020955 0.050991 
0 0.125825 0 0 0.015442 0.055687 0.272055 0.130091 0.072408 0.163344 0.105469 0.084734 0.103873 0 0 0 0 0 0.007625 0.003222 0.023735 0 0 -0 0.113233 0 0 0 0 0 0 0.027726 0 0.034376 0.046948 
0 0.119935 0 0 0.010435 0.030969 0.475863 0.1635 0.103787 0.26154 0.151614 0.118414 0.124273 0 0 0 0 0 0.013976 0 0.045215 0 0 -0 0.119227 0 0 0 0 0 0 0.044251 0 0.019792 0.036083 
0 0.117224 0 0.00238 0.002295 0.002742 0.650488 0.190597 0.139554 0.335664 0.221811 0.136415 0.145808 0 0 0 0 0 0.016024 0 0.07045 0 0 -0 0.122678 0 0 0 0 0 0 0.05094 0 0.008587 0.028502 
0.014176 0.130876 0 0.009963 0 0 0.777705 0.205848 0.166292 0.3784 0.264712 0.167108 0.173325 0 0 0 0 0 0.015475 0 0.081553 0 0 -0 0.11893 0 0 0 0 0 0 0.050569 0 0.011154 0.035075 
0.031773 0.135403 0 0.0131 0 0 0.888534 0.228533 0.191723 0.402812 0.269839 0.202361 0.181445 0 0 0 0 0 0.020764 0 0.086133 0 0 -0 0.099254 0 0 0 0 0 0.000888 0.049314 0.001589 0 0.044709 
0.046969 0.128573 0 0.00815 0 0 0.997667 0.263756 0.225337 0.380325 0.251527 0.174857 0.153722 0.004856 0 0 0 0.020212 0.037372 0 0.101966 0 0 -0 0.060282 0 0 0 0 0.026703 0.012704 0.053728 0.031179 0 0.054503 
0.061593 0.132429 0 0.000763 0 0 1 0.300236 0.263595 0.306784 0.199959 0.153353 0.093598 0.005505 0.006733 0 0.036079 0.042478 0.048814 0 0.123908 0 0 -0 0 0 0 0 0 0.054994 0.016072 0.086174 0.051297 0.03821 0.094423 
0.07352 0.143828 0 0 0 0 1 0.324514 0.278998 0.273894 0.156903 0.16883 0.084242 0.022832 0.03333 0.025731 0.063844 0.04447 0.042922 0 0.188463 0 0 -0 0 0 0 0 0 0.063965 0.020466 0.045697 0.01153 0.056945 0.125762 
0.081524 0.146465 0.005406 0 0 0 1 0.349068 0.290471 0.266564 0.137995 0.149317 0.087153 0.042723 0.06102 0.052759 0.071925 0.03701 0.031687 0 0.229331 0 0 -0 0 0 0 0 0 0.066989 0.01879 0 0 0.060858 0.148472 
0.079438 0.144038 0.022467 0 0 0 1 0.365207 0.306018 0.256777 0.137616 0.118688 0.042647 0.074958 0.091218 0.069707 0.090648 0.037015 0.030365 0 0.246087 0 0 -0 0 0 0 0 0 0.067485 0.007907 0 0 0.069789 0.168559 
0.073445 0.142447 0.026895 0 0 0 1 0.373962 0.316618 0.242772 0.142043 0.117907 0.022862 0.10286 0.098465 0.077146 0.103996 0.039385 0.032825 0 0.259896 0 0 -0 0 0 0 0 0 0.069932 0 0 0 0.076381 0.173973 
0.070513 0.13545 0.018354 0 0 0 1 0.380602 0.319261 0.243048 0.161266 0.136819 0.027491 0.104089 0.098852 0.079499 0.101908 0.036761 0.027198 0 0.268459 0 0 -0 0 0 0 0 0 0.078424 0.001287 0 0 0.080376 0.175514 
0.069151 0.127677 0.00849 0 0 0 1 0.382495 0.317501 0.25115 0.201813 0.147039 0.031382 0.08395 0.112074 0.078156 0.093492 0.029341 0.012334 0 0.270613 0 0 -0 0 0 0 0 0 0.085314 0.009562 0 0 0.086438 0.185776 
0.071763 0.13179 0.005115 0 0 0 1 0.382018 0.319431 0.249915 0.201454 0.147818 0.026814 0.079794 0.114496 0.071717 0.089584 0.025967 0.007957 0 0.266708 0 0 -0 0 0 0 0 0 0.083 0.0089 0 0 0.087317 0.18604 
0.076426 0.135175 0 0.00016 0 0 1 0.382412 0.322799 0.2528 0.182574 0.163648 0.035381 0.078246 0.106333 0.065019 0.082772 0.026089 0.009315 0 0.261912 0 0 -0 0 0 0 0 0 0.08261 0.003142 0 0 0.083766 0.178272 
0.075098 0.129194 0 0 0 0 1 0.379274 0.320953 0.27118 0.200599 0.195968 0.057014 0.069583 0.103276 0.06253 0.074738 0.026047 0.007679 0 0.258704 0 0 -0 0 0 0 0 0 0.084361 0 0 0 0.080135 0.179075 
0.068499 0.122477 0 0 0 0 1 0.377289 0.317569 0.297987 0.239735 0.226657 0.077356 0.067886 0.098062 0.056778 0.067714 0.022944 0.004648 0 0.255666 0 0 -0 0 0 0 0 0 0.083663 0 0 0 0.073477 0.179715 
0.060657 0.121387 0 0.001252 0 0 1 0.384821 0.321522 0.319899 0.246694 0.238961 0.094323 0.080763 0.075298 0.042503 0.061521 0.021972 0.00833 0 0.255407 0 0 -0 0 0 0 0 0 0.081424 0.001516 0 0 0.061673 0.162314 
0.053962 0.116664 0 0 0 0 1 0.395018 0.330931 0.323639 0.23952 0.232273 0.112693 0.094125 0.05105 0.031738 0.059069 0.030345 0.01904 0 0.257176 0 0 -0 0 0 0 0 0 0.080465 0 0 0.009797 0.055248 0.137038 
0.057849 0.114273 0 0 0 0 1 0.395711 0.335417 0.322774 0.263877 0.243748 0.124559 0.084935 0.054589 0.03283 0.0568 0.034278 0.020898 0 0.25555 0 0 -0 0 0 0 0 0 0.081736 0 0 0.017404 0.055188 0.132068 
0.063201 0.116332 0 0 0 0 1 0.40176 0.340749 0.336406 0.284563 0.261003 0.145363 0.070366 0.060412 0.035189 0.05029 0.031123 0.018578 0 0.251668 0 0 -0 0 0 0 0 0 0.086444 0 0 0.029873 0.055338 0.131912 
0.063455 0.120216 0 0 0 0 1 0.409758 0.347818 0.346006 0.282957 0.279187 0.155722 0.06291 0.061665 0.035155 0.050077 0.028477 0.016881 0 0.248171 0 0 -0 0 0 0 0 0 0.088247 0 0.016538 0.041274 0.058545 0.134521 
0.067907 0.123168 0 0 0 0 1 0.405863 0.352142 0.346518 0.288431 0.303619 0.162502 0.052887 0.064228 0.03448 0.048802 0.027001 0.011764 0 0.246262 0 0 -0 0 0 0 0 0 0.08792 0.005046 0.032093 0.044668 0.057037 0.135023 
0.073724 0.130697 0 0.004084 0 0 1 0.396728 0.353078 0.37413 0.30772 0.312505 0.180173 0.041526 0.060234 0.033455 0.03674 0.023615 0.006018 0 0.24344 0 0 -0 0 0 0 0 0 0.089624 0.020636 0.037551 0.052868 0.044917 0.13213 
0.063234 0.13704 0 0.005937 0 0 1 0.394043 0.349237 0.417114 0.30882 0.289052 0.19898 0.0429 0.041748 0.035191 0.028865 0.025965 0.01439 0 0.238587 0 0 -0 0 0 0 0 0 0.095992 0.016747 0.042853 0.074836 0.034514 0.117405 
0.056028 0.133085 0 0.000791 0 0 1 0.390151 0.343525 0.399394 0.292617 0.276933 0.19557 0.041712 0.030429 0.032453 0.033434 0.029255 0.020964 0 0.234192 0 0 -0 0 0 0 0 0 0.0919 0.011072 0.048058 0.082265 0.034075 0.099339 
0.062807 0.132104 0 0 0 0 1 0.376839 0.333129 0.363936 0.278353 0.273904 0.191295 0.02611 0.018889 0.021602 0.029193 0.025942 0.018036 0 0.217423 0 0 -0 0 0 0 0 0 0.079317 0.022281 0.058104 0.085615 0.024988 0.077693 
0.07019 0.130413 0.009189 0 0 0 1 0.348496 0.303928 0.336893 0.253688 0.254516 0.189588 0.008428 0 0.009903 0.018899 0.02355 0.020645 0 0.187862 0 0 -0 0.004682 0 0 0 0 0.064565 0.028482 0.071707 0.089845 0.003438 0.051363 
0.070232 0.125318 0.043077 0 0 0 0.750684 0.300838 0.254675 0.296651 0.208355 0.226045 0.175008 0 0 0.002519 0.017608 0.026306 0.030135 0 0.161109 0 0 -0 0.018741 0 0 0.025217 0.019398 0.051616 0.025679 0.071403 0.074993 0 0.034398 
0.066002 0.11394 0.077334 0 0 0 0.510888 0.24843 0.208704 0.249426 0.152263 0.197509 0.146792 0 0 0 0.018606 0.02574 0.034057 0 0.13517 0 0 -0 0.03691 0 0 0.021148 0.01202 0.031018 0.030339 0.056248 0.04699 0 0.025414 
0.052329 0.088502 0.096113 0 0 0 0.363123 0.193307 0.171488 0.212239 0.088751 0.146837 0.119124 0 0 0 0.015352 0.022209 0.035184 0 0.10578 0 0 -0 0.051616 0 0 0.017142 0 0.018294 0.02545 0.030198 0.025104 0 0.018268 
0.038865 0.067941 0.097263 0 0 0 0.267882 0.153659 0.147146 0.184868 0.048146 0.100062 0.096209 0.011449 0 0 0.018828 0.020519 0.03855 0 0.086971 0 0 0.000391 0.057921 0 0 0.014367 0 0.015429 0.017731 0.022014 0.016701 0 0.02259 
0.025185 0.057318 0.081498 0 0 0 0.166094 0.127545 0.128599 0.157601 0.016502 0.077483 0.07539 0.013185 0 0.001938 0.020075 0.02007 0.037825 0 0.06861 0 0 0.009093 0.05987 0 0 0 0 0.01043 0.016469 0.022079 0.010073 0 0.020476 
0.008342 0.052165 0.047679 0 0 0 0.110542 0.117968 0.11672 0.141819 0.000998 0.075826 0.076033 0.009633 0 0.001749 0.013622 0.017525 0.03266 0 0.059859 0 0 0.012183 0.059382 0 0 0 0 0.00651 0.022614 0.019298 0.007883 0 0.017815 
0 0.047627 0.026849 0 0 0 0.08413 0.109485 0.106683 0.135057 0.007395 0.070689 0.081253 0.008579 0 0.004617 0.008476 0.015112 0.030443 0 0.057213 0 0 0.012232 0.060559 0 0 0 0 0.007936 0.019463 0.011948 0.010918 0 0.010671 
0.003219 0.049307 0.033882 0 0 0 0.060657 0.103989 0.105059 0.141968 0.027099 0.074316 0.081742 0.006472 0 0.00788 0.010194 0.014607 0.032152 0 0.05388 0 0 0.014415 0.06282 0 0 0 0 0.01053 0.015407 0.00844 0.007016 0 0.005104 
0.009685 0.056886 0.048123 0 0 0 0.056422 0.120524 0.120582 0.169837 0.061282 0.086097 0.093118 0.00578 0 0.010452 0.012544 0.018854 0.036872 0 0.038416 0 0 0.013335 0.056878 0 0 0.002409 0 0.005789 0.012868 0.022381 0.014469 0 0.003984 
0.007812 0.055065 0.057095 0 0 0 0.074383 0.135202 0.127985 0.200873 0.092264 0.080534 0.105091 0.007004 0 0.012507 0.008448 0.01995 0.03529 0 0.035306 0 0 0.008038 0.050292 0 0 0.011938 0 0.007113 0.012351 0.031217 0.029551 0 0.008513 
0.0091 0.054805 0.067891 0 0 0 0.074567 0.135719 0.125903 0.215959 0.106015 0.090104 0.100079 0.004381 0 0.01365 0.004042 0.015561 0.026783 0 0.057774 0 0 0.00375 0.057571 0 0 0.003969 0 0.018883 0.018901 0.021393 0.014416 0 0.005282 
0.009472 0.062221 0.067432 0 0 0 0.060344 0.133815 0.126732 0.193865 0.091591 0.102939 0.089379 0 0 0.013836 0.003109 0.012363 0.022003 0 0.070184 0 0 0.002546 0.062305 0 0 0.001391 0 0.02209 0.024354 0.015109 0 0 0 
0.004406 0.067004 0.055517 0 0 0 0.05237 0.136867 0.131179 0.164756 0.068989 0.0963 0.093062 0 0 0.015906 0.00442 0.013909 0.026032 0 0.056556 0 0 0.00308 0.053919 0 0 0.016961 0 0.014601 0.018717 0.020781 0.015039 0 0.000707 
0.002845 0.06595 0.052451 0 0 0 0.050836 0.139363 0.132366 0.17001 0.063956 0.087208 0.09818 0.0014 0 0.017379 0.004865 0.013431 0.030372 0 0.036297 0 0 0.005262 0.043305 0 0 0.027332 0.007116 0.011448 0.014618 0.032239 0.035795 0 0.016237 
0.011013 0.06797 0.056755 0 0 0 0.047922 0.138737 0.132327 0.1772 0.079718 0.106873 0.092512 0.008925 0 0.01445 0.007605 0.013137 0.031319 0 0.028929 0 0 0.007279 0.045868 0 0 0.023859 0.00192 0.014408 0.008509 0.038285 0.025415 0 0.015615 
0.014637 0.070165 0.055174 0 0 0 0.044809 0.138634 0.133946 0.156526 0.090338 0.110164 0.090472 0.007982 0 0.011966 0.011993 0.014965 0.032027 0 0.021484 0 0 0.008406 0.044157 0 0 0.033547 0 0.008913 0.000868 0.043917 0.024904 0 0.004926 
0.012207 0.069463 0.055824 0 0 0 0.033043 0.140227 0.133665 0.159474 0.091804 0.106854 0.093719 0.006393 0 0.013074 0.015743 0.01494 0.030753 0 0.024827 0 0 0.008079 0.045225 0 0 0.031094 0.008059 0.005005 0.002731 0.04152 0.024784 0 0 
0.00729 0.067944 0.057854 0 0 0 0.01879 0.14291 0.131336 0.182978 0.091304 0.117399 0.095091 0.002534 0 0.011818 0.013887 0.012567 0.026405 0 0.042112 0 0 0.007622 0.05179 0 0 0.022888 0.011303 0.011205 0.012441 0.033344 0.011968 0 0 
0.00237 0.065271 0.053405 0 0 0 0.017317 0.142923 0.128665 0.180634 0.090118 0.120759 0.093566 0 0 0.009376 0.009626 0.011725 0.024207 0 0.047222 0 0 0.007302 0.05213 0 0 0.029818 0.007134 0.0144 0.015683 0.034301 0.010384 0.00051 0.002688 
0 0.06217 0.047305 0 0 0 0.020269 0.137685 0.124124 0.164099 0.079696 0.106416 0.089416 0.007077 0 0.014343 0.011787 0.011899 0.025261 0 0.036521 0 0 0.003513 0.049866 0 0 0.025856 0.005434 0.009145 0.016192 0.041315 0.020858 0.004363 0.014535 
0 0.060986 0.04362 0 0.00078 0 0.02318 0.128954 0.114745 0.162092 0.063553 0.095378 0.084987 0.008828 0 0.020406 0.012313 0.009802 0.021696 0 0.045049 0 0 -0 0.058659 0 0 0 0 0.01071 0.023995 0.030729 0.009962 0 0.021931 
0 0.060718 0.042063 0 0.000366 0 0.030088 0.126124 0.111083 0.155561 0.06327 0.094714 0.081621 0.002618 0 0.019059 0.007888 0.006767 0.016944 0 0.052273 0 0 -0 0.060073 0 0 0 0 0.018639 0.025829 0.025447 0.003513 0 0.023558 
